Plate,Well,Fluor,Content,Cq,Cq_Mean,SQ_Mean,Pathogen,clean_ID,Vial_Label,ID_SiteDate,mg_tissue,sample_id_for_grouping,sample_pathogen,replicate,cq_difference,status,need_rerun,weighted_sq,intensity,status_dermo,intensity_dermo
1,A05,FAM,Unkn-17,30.42,30.23,0,Dermo,A4_CviMVP_PlDNA_9_SG_1228_f84802b3,CviMVP_10766,TP_TX_2022-6-28,21,A4_CviMVP_PlDNA_9_SG_1228_f84802b3,1_A4_CviMVP_PlDNA_9_SG_1228_f84802b3_Dermo,1,0.37,Positive,FALSE,0,0,Positive,1
1,A07,FAM,Unkn-25,31.87,32.04,0,Dermo,A5_CviMVP_PlDNA_9_SG_2051_8fd6c592,CviMVP_15170,EC_ApBay_FL_2023-10-4,20,A5_CviMVP_PlDNA_9_SG_2051_8fd6c592,1_A5_CviMVP_PlDNA_9_SG_2051_8fd6c592_Dermo,1,0.34,Positive,FALSE,0,0,Positive,1
1,A09,FAM,Unkn-33,30.12,30.15,0,Dermo,A6_CviMVP_PlDNA_9_SG_2061_4151017c,CviMVP_15200,EC_ApBay_FL_2023-10-4,21,A6_CviMVP_PlDNA_9_SG_2061_4151017c,1_A6_CviMVP_PlDNA_9_SG_2061_4151017c_Dermo,1,0.06,Positive,FALSE,0,0,Positive,1
1,B03,FAM,Unkn-10,21.28,21.53,7e-05,Dermo,B3_CviMVP_PlDNA_9_SG_2073_c2b8621b,CviMVP_130791,FC_LIS_CT_2023-10-11,19,B3_CviMVP_PlDNA_9_SG_2073_c2b8621b,1_B3_CviMVP_PlDNA_9_SG_2073_c2b8621b_Dermo,1,0.5,Positive,FALSE,25691.75368,3,Positive,3
1,B07,FAM,Unkn-26,25.32,25.44,1e-05,Dermo,B5_CviMVP_PlDNA_9_SG_1315_bbdc8fb5,CviMVP_11015,Mer_GA_2022-7-26,21,B5_CviMVP_PlDNA_9_SG_1315_bbdc8fb5,1_B5_CviMVP_PlDNA_9_SG_1315_bbdc8fb5_Dermo,1,0.23,Positive,FALSE,3320.702857,2,Positive,1
1,B09,FAM,Unkn-34,26.51,26.51,0,Dermo,B6_CviMVP_PlDNA_9_SG_1975_b2a7e292,CviMVP_12944,FFJ_CF_NC_2023-7-19,20,B6_CviMVP_PlDNA_9_SG_1975_b2a7e292,1_B6_CviMVP_PlDNA_9_SG_1975_b2a7e292_Dermo,1,0.01,Positive,FALSE,0,0,Positive,1
1,B11,FAM,Unkn-42,28.2,28.34,0,Dermo,B7_CviMVP_PlDNA_9_SG_1941_5582645b,CviMVP_12843,UNCW_MS_NC_2023-7-17,22,B7_CviMVP_PlDNA_9_SG_1941_5582645b,1_B7_CviMVP_PlDNA_9_SG_1941_5582645b_Dermo,1,0.27,Positive,FALSE,0,0,Positive,1
1,C03,FAM,Unkn-11,28.35,28.17,0,Dermo,C3_CviMVP_PlDNA_9_SG_2065_727d1736,CviMVP_130551,IL_ApBay_FL_2023-10-3,22,C3_CviMVP_PlDNA_9_SG_2065_727d1736,1_C3_CviMVP_PlDNA_9_SG_2065_727d1736_Dermo,1,0.36,Positive,FALSE,0,0,Positive,1
1,C05,FAM,Unkn-19,30.37,30.07,0,Dermo,C4_CviMVP_PlDNA_9_SG_1149_75628f53,CviMVP_10554,FP_Sav_GA_2022-6-10,20,C4_CviMVP_PlDNA_9_SG_1149_75628f53,1_C4_CviMVP_PlDNA_9_SG_1149_75628f53_Dermo,1,0.61,Positive,FALSE,0,0,Positive,1
1,C07,FAM,Unkn-27,21.55,21.62,7e-05,Dermo,C5_CviMVP_PlDNA_9_SG_1323_be0b8284,CviMVP_11039,Mer_GA_2022-7-26,19,C5_CviMVP_PlDNA_9_SG_1323_be0b8284,1_C5_CviMVP_PlDNA_9_SG_1323_be0b8284_Dermo,1,0.14,Positive,FALSE,25691.75368,3,Positive,3
1,C09,FAM,Unkn-35,28.47,28.55,0,Dermo,C6_CviMVP_PlDNA_9_SG_2012_f47e7f81,CviMVP_15055,AC_LIS_CT_2023-10-3,19,C6_CviMVP_PlDNA_9_SG_2012_f47e7f81,1_C6_CviMVP_PlDNA_9_SG_2012_f47e7f81_Dermo,1,0.15,Positive,FALSE,0,0,Positive,1
1,D03,FAM,Unkn-12,31.78,31.45,0,Dermo,D3_CviMVP_PlDNA_9_SG_1230_2ae16b20,CviMVP_10772,CC_VA_2022-7-11,22,D3_CviMVP_PlDNA_9_SG_1230_2ae16b20,1_D3_CviMVP_PlDNA_9_SG_1230_2ae16b20_Dermo,1,0.67,Positive,FALSE,0,0,Positive,1
1,D05,FAM,Unkn-20,26.56,26.17,0,Dermo,D4_CviMVP_PlDNA_9_SG_2005_7864d4b8,CviMVP_130341,AC_LIS_CT_2023-10-3,22,D4_CviMVP_PlDNA_9_SG_2005_7864d4b8,1_D4_CviMVP_PlDNA_9_SG_2005_7864d4b8_Dermo,1,0.79,Positive,FALSE,0,0,Positive,1
1,D09,FAM,Unkn-36,31.96,32.17,0,Dermo,D6_CviMVP_PlDNA_9_SG_1174_ee66e4d4,CviMVP_10613,SkR_GA_2022-6-14,18,D6_CviMVP_PlDNA_9_SG_1174_ee66e4d4,1_D6_CviMVP_PlDNA_9_SG_1174_ee66e4d4_Dermo,1,0.41,Positive,FALSE,0,0,Positive,1
1,E05,FAM,Unkn-21,28.75,28.16,0,Dermo,E4_CviMVP_PlDNA_9_SG_1595_bc82001d,CviMVP_11826,KP_FGR_FL_2022-8-23,19,E4_CviMVP_PlDNA_9_SG_1595_bc82001d,1_E4_CviMVP_PlDNA_9_SG_1595_bc82001d_Dermo,1,1.17,Positive,FALSE,0,0,Positive,1
1,F03,FAM,Unkn-14,29.5,29.22,0,Dermo,F3_CviMVP_PlDNA_9_SG_2099_8f119d72,CviMVP_131571,FC_LIS_CT_2023-10-11,20,F3_CviMVP_PlDNA_9_SG_2099_8f119d72,1_F3_CviMVP_PlDNA_9_SG_2099_8f119d72_Dermo,1,0.56,Positive,FALSE,0,0,Positive,1
1,F05,FAM,Unkn-22,21.14,21.18,9e-05,Dermo,F4_CviMVP_PlDNA_9_SG_2086_90eb25bf,CviMVP_131181,FC_LIS_CT_2023-10-11,22,F4_CviMVP_PlDNA_9_SG_2086_90eb25bf,1_F4_CviMVP_PlDNA_9_SG_2086_90eb25bf_Dermo,1,0.09,Positive,FALSE,28527.85636,3,Positive,3
1,F07,FAM,Unkn-30,28.73,28.79,0,Dermo,F5_CviMVP_PlDNA_9_SG.sharedLotterhosPuritz_1507_bc4a0c29,CviMVP_11570,NR_NB_RI_2022-8-19,19,F5_CviMVP_PlDNA_9_SG.sharedLotterhosPuritz_1507_bc4a0c29,1_F5_CviMVP_PlDNA_9_SG.sharedLotterhosPuritz_1507_bc4a0c29_Dermo,1,0.12,Positive,FALSE,0,0,Positive,1
1,G03,FAM,Unkn-15,22.74,22.34,4e-05,Dermo,G3_CviMVP_PlDNA_9_SG_2095_d4b38e21,CviMVP_131451,FC_LIS_CT_2023-10-11,19,G3_CviMVP_PlDNA_9_SG_2095_d4b38e21,1_G3_CviMVP_PlDNA_9_SG_2095_d4b38e21_Dermo,1,0.8,Positive,FALSE,14681.00211,3,Positive,3
1,G05,FAM,Unkn-23,36.29,35.84,0,Dermo,G4_CviMVP_PlDNA_9_SG_1904_a0ecfc23,CviMVP_12733,Orrs_Cove_ME_2022-10-31,22,G4_CviMVP_PlDNA_9_SG_1904_a0ecfc23,1_G4_CviMVP_PlDNA_9_SG_1904_a0ecfc23_Dermo,1,0.89,Positive,FALSE,0,0,Positive,1
1,G07,FAM,Unkn-31,27.69,27.81,0,Dermo,G5_CviMVP_PlDNA_9_SG_2076_10d3cadc,CviMVP_130881,FC_LIS_CT_2023-10-11,22,G5_CviMVP_PlDNA_9_SG_2076_10d3cadc,1_G5_CviMVP_PlDNA_9_SG_2076_10d3cadc_Dermo,1,0.23,Positive,FALSE,0,0,Positive,1
1,H03,FAM,Unkn-16,38.27,38.67,0,Dermo,H3_CviMVP_PlDNA_9_SG_1933_203e3d9f,CviMVP_12818,UNCW_MS_NC_2023-7-17,20,H3_CviMVP_PlDNA_9_SG_1933_203e3d9f,1_H3_CviMVP_PlDNA_9_SG_1933_203e3d9f_Dermo,1,0.81,Positive,FALSE,0,0,Negative,0
1,H05,FAM,Unkn-24,34.08,33.46,0,Dermo,H4_CviMVP_PlDNA_9_SG_2026_d4e67cae,CviMVP_15097,IL_ApBay_FL_2023-10-3,22,H4_CviMVP_PlDNA_9_SG_2026_d4e67cae,1_H4_CviMVP_PlDNA_9_SG_2026_d4e67cae_Dermo,1,1.24,Positive,FALSE,0,0,Positive,1
1,H09,FAM,Unkn-40,25.86,25.84,0,Dermo,H6_CviMVP_PlDNA_9_SG_1997_cb99d215,CviMVP_130101,AC_LIS_CT_2023-10-3,18,H6_CviMVP_PlDNA_9_SG_1997_cb99d215,1_H6_CviMVP_PlDNA_9_SG_1997_cb99d215_Dermo,1,0.03,Positive,FALSE,0,0,Positive,1
2,A03,FAM,Unkn-09,26.42,26.62,0,Dermo,A3_CviMVP_PlDNA_10_SG_2036_b141fc51,CviMVP_15125,EC_ApBay_FL_2023-10-4,20,A3_CviMVP_PlDNA_10_SG_2036_b141fc51,2_A3_CviMVP_PlDNA_10_SG_2036_b141fc51_Dermo,1,0.39,Positive,FALSE,0,0,Positive,1
2,A09,FAM,Unkn-33,23.47,23.54,1e-05,Dermo,A6_CviMVP_PlDNA_10_SG.sharedLotterhosPuritz_1743_a99589c6,CviMVP_12262,WS_CB_VA_2022-10-7,20,A6_CviMVP_PlDNA_10_SG.sharedLotterhosPuritz_1743_a99589c6,2_A6_CviMVP_PlDNA_10_SG.sharedLotterhosPuritz_1743_a99589c6_Dermo,1,0.14,Positive,FALSE,3486.738,2,Positive,2
2,B03,FAM,Unkn-10,33.05,33.39,0,Dermo,B3_CviMVP_PlDNA_10_SG_2071_b4afd129,CviMVP_130731,IL_ApBay_FL_2023-10-3,22,B3_CviMVP_PlDNA_10_SG_2071_b4afd129,2_B3_CviMVP_PlDNA_10_SG_2071_b4afd129_Dermo,1,0.67,Positive,FALSE,0,0,Positive,1
2,B07,FAM,Unkn-26,34.61,34.7,0,Dermo,B5_CviMVP_PlDNA_10_SG_1158_3bbb4b81,CviMVP_10577,SkR_GA_2022-6-14,19,B5_CviMVP_PlDNA_10_SG_1158_3bbb4b81,2_B5_CviMVP_PlDNA_10_SG_1158_3bbb4b81_Dermo,1,0.18,Positive,FALSE,0,0,Positive,1
2,B11,FAM,Unkn-41,27.73,27.77,0,Dermo,A7_CviMVP_PlDNA_10_SG_2070_a576a0fa,CviMVP_130701,IL_ApBay_FL_2023-10-3,19,A7_CviMVP_PlDNA_10_SG_2070_a576a0fa,2_A7_CviMVP_PlDNA_10_SG_2070_a576a0fa_Dermo,1,0.08,Positive,FALSE,0,0,Positive,1
2,C03,FAM,Unkn-11,24.49,24.59,0,Dermo,C3_CviMVP_PlDNA_10_SG_2058_1f9da7a1,CviMVP_15191,EC_ApBay_FL_2023-10-4,21,C3_CviMVP_PlDNA_10_SG_2058_1f9da7a1,2_C3_CviMVP_PlDNA_10_SG_2058_1f9da7a1_Dermo,1,0.2,Positive,FALSE,0,0,Positive,2
2,C05,FAM,Unkn-19,35.85,35.97,0,Dermo,C4_CviMVP_PlDNA_10_SG_1681_f4ee8856,CviMVP_12081,EelLake_Canada_2022-9-27,22,C4_CviMVP_PlDNA_10_SG_1681_f4ee8856,2_C4_CviMVP_PlDNA_10_SG_1681_f4ee8856_Dermo,1,0.25,Positive,FALSE,0,0,Positive,1
2,C07,FAM,Unkn-27,NA,0,0,Dermo,C5_CviMVP_PlDNA_10_SG_1888_a831e64b,CviMVP_12687,DC_DR_ME_2022-10-25,22,C5_CviMVP_PlDNA_10_SG_1888_a831e64b,2_C5_CviMVP_PlDNA_10_SG_1888_a831e64b_Dermo,1,NA,Negative,FALSE,0,0,Negative,0
2,C09,FAM,Unkn-35,34.73,34.72,0,Dermo,C6_CviMVP_PlDNA_10_SG_1188_d3bbc7d3,CviMVP_10652,Culch_Ba_LA_2022-6-21,20,C6_CviMVP_PlDNA_10_SG_1188_d3bbc7d3,2_C6_CviMVP_PlDNA_10_SG_1188_d3bbc7d3_Dermo,1,0.03,Positive,FALSE,0,0,Positive,1
2,C11,FAM,Unkn-42,28.28,28.28,0,Dermo,B7_CviMVP_PlDNA_10_SG_2027_40c79c0d,CviMVP_15100,IL_ApBay_FL_2023-10-3,19,B7_CviMVP_PlDNA_10_SG_2027_40c79c0d,2_B7_CviMVP_PlDNA_10_SG_2027_40c79c0d_Dermo,1,0.01,Positive,FALSE,0,0,Positive,1
2,D03,FAM,Unkn-12,NA,0,0,Dermo,D3_CviMVP_PlDNA_10_SG_1117_78a75902,CviMVP_10479,CB_TX_2022-6-9,22,D3_CviMVP_PlDNA_10_SG_1117_78a75902,2_D3_CviMVP_PlDNA_10_SG_1117_78a75902_Dermo,1,NA,Negative,FALSE,0,0,Negative,0
2,D05,FAM,Unkn-20,32,32.05,0,Dermo,D4_CviMVP_PlDNA_10_SG_2022_fe5dd5e1,CviMVP_15085,IL_ApBay_FL_2023-10-3,22,D4_CviMVP_PlDNA_10_SG_2022_fe5dd5e1,2_D4_CviMVP_PlDNA_10_SG_2022_fe5dd5e1_Dermo,1,0.09,Positive,FALSE,0,0,Positive,1
2,D09,FAM,Unkn-36,35.23,34.95,0,Dermo,D6_CviMVP_PlDNA_10_SG_2067_ad481849,CviMVP_130611,IL_ApBay_FL_2023-10-3,23,D6_CviMVP_PlDNA_10_SG_2067_ad481849,2_D6_CviMVP_PlDNA_10_SG_2067_ad481849_Dermo,1,0.56,Positive,FALSE,0,0,Positive,1
2,D11,FAM,Unkn-43,29.05,29.21,0,Dermo,C7_CviMVP_PlDNA_10_SG_1994_84a84701,CviMVP_130011,AC_LIS_CT_2023-10-3,19,C7_CviMVP_PlDNA_10_SG_1994_84a84701,2_C7_CviMVP_PlDNA_10_SG_1994_84a84701_Dermo,1,0.32,Positive,FALSE,0,0,Positive,1
2,E03,FAM,Unkn-13,36.1,36.89,0,Dermo,E3_CviMVP_PlDNA_10_SG_1367_848f0492,CviMVP_11169,Nickle_Rf_LA_2022-8-1,22,E3_CviMVP_PlDNA_10_SG_1367_848f0492,2_E3_CviMVP_PlDNA_10_SG_1367_848f0492_Dermo,1,1.58,Positive,FALSE,0,0,Positive,1
2,E05,FAM,Unkn-21,28.54,28.64,0,Dermo,E4_CviMVP_PlDNA_10_SG_2024_45ef0038,CviMVP_15091,IL_ApBay_FL_2023-10-3,22,E4_CviMVP_PlDNA_10_SG_2024_45ef0038,2_E4_CviMVP_PlDNA_10_SG_2024_45ef0038_Dermo,1,0.2,Positive,FALSE,0,0,Positive,1
2,E07,FAM,Unkn-29,34.88,35.75,0,Dermo,E5_CviMVP_PlDNA_10_SG_1456_68650f46,CviMVP_11420,Cal_Lake_LA_2022-8-11,20,E5_CviMVP_PlDNA_10_SG_1456_68650f46,2_E5_CviMVP_PlDNA_10_SG_1456_68650f46_Dermo,1,1.74,Positive,FALSE,0,0,Positive,1
2,E09,FAM,Unkn-37,23.92,24,0,Dermo,E6_CviMVP_PlDNA_10_SG_1449_a339503d,CviMVP_11399,Cal_Lake_LA_2022-8-11,20,E6_CviMVP_PlDNA_10_SG_1449_a339503d,2_E6_CviMVP_PlDNA_10_SG_1449_a339503d_Dermo,1,0.17,Positive,FALSE,0,0,Positive,2
2,E11,FAM,Unkn-44,NA,0,0,Dermo,D7_CviMVP_PlDNA_10_SG_1382_c71a858c,CviMVP_11214,Sister_Lk_LA_2022-8-9,19,D7_CviMVP_PlDNA_10_SG_1382_c71a858c,2_D7_CviMVP_PlDNA_10_SG_1382_c71a858c_Dermo,1,NA,Negative,FALSE,0,0,Negative,0
2,F03,FAM,Unkn-14,26.73,26.87,0,Dermo,F3_CviMVP_PlDNA_10_SG.sharedLotterhosPuritz_1724_dfa791d5,CviMVP_12205,WS_CB_VA_2022-10-7,22,F3_CviMVP_PlDNA_10_SG.sharedLotterhosPuritz_1724_dfa791d5,2_F3_CviMVP_PlDNA_10_SG.sharedLotterhosPuritz_1724_dfa791d5_Dermo,1,0.29,Positive,FALSE,0,0,Positive,1
2,F05,FAM,Unkn-22,26.02,26.03,0,Dermo,F4_CviMVP_PlDNA_10_SG_1417_d4db5fe7,CviMVP_11308,GriceCove_SC_2022-8-10,19,F4_CviMVP_PlDNA_10_SG_1417_d4db5fe7,2_F4_CviMVP_PlDNA_10_SG_1417_d4db5fe7_Dermo,1,0.02,Positive,FALSE,0,0,Positive,1
2,F07,FAM,Unkn-30,25.41,25.58,0,Dermo,F5_CviMVP_PlDNA_10_SG_2094_02a78116,CviMVP_131421,FC_LIS_CT_2023-10-11,21,F5_CviMVP_PlDNA_10_SG_2094_02a78116,2_F5_CviMVP_PlDNA_10_SG_2094_02a78116_Dermo,1,0.35,Positive,FALSE,0,0,Positive,1
2,F11,FAM,Unkn-45,NA,0,0,Dermo,E7_CviMVP_PlDNA_10_SG_1907_e2ee8f04,CviMVP_12741,Orrs_Cove_ME_2022-10-31,20,E7_CviMVP_PlDNA_10_SG_1907_e2ee8f04,2_E7_CviMVP_PlDNA_10_SG_1907_e2ee8f04_Dermo,1,NA,Negative,FALSE,0,0,Negative,0
2,G03,FAM,Unkn-15,23.77,23.93,0,Dermo,G3_CviMVP_PlDNA_10_SG_1067_8d996fb4,CviMVP_10349,OL_MI_SC_2022-5-31,20,G3_CviMVP_PlDNA_10_SG_1067_8d996fb4,2_G3_CviMVP_PlDNA_10_SG_1067_8d996fb4_Dermo,1,0.31,Positive,FALSE,0,0,Positive,2
2,G05,FAM,Unkn-23,23.17,23.29,1e-05,Dermo,G4_CviMVP_PlDNA_10_SG_1333_3ba1aeca,CviMVP_11068,Mer_GA_2022-7-26,22,G4_CviMVP_PlDNA_10_SG_1333_3ba1aeca,2_G4_CviMVP_PlDNA_10_SG_1333_3ba1aeca_Dermo,1,0.25,Positive,FALSE,3169.761818,2,Positive,2
2,G07,FAM,Unkn-31,20.54,20.68,4e-05,Dermo,G5_CviMVP_PlDNA_10_SG_1466_596c2168,CviMVP_11448,SR_GB_NH_2022-8-12,20,G5_CviMVP_PlDNA_10_SG_1466_596c2168,2_G5_CviMVP_PlDNA_10_SG_1466_596c2168_Dermo,1,0.29,Positive,FALSE,13946.952,3,Positive,3
2,H03,FAM,Unkn-16,29.57,29.7,0,Dermo,H3_CviMVP_PlDNA_10_SG_1621_537d3b67,CviMVP_11903,SawIs_MA_2022-9-5,21,H3_CviMVP_PlDNA_10_SG_1621_537d3b67,2_H3_CviMVP_PlDNA_10_SG_1621_537d3b67_Dermo,1,0.27,Positive,FALSE,0,0,Positive,1
2,H05,FAM,Unkn-24,29.28,29.32,0,Dermo,H4_CviMVP_PlDNA_10_SG_2075_7ce89a58,CviMVP_130851,FC_LIS_CT_2023-10-11,22,H4_CviMVP_PlDNA_10_SG_2075_7ce89a58,2_H4_CviMVP_PlDNA_10_SG_2075_7ce89a58_Dermo,1,0.09,Positive,FALSE,0,0,Positive,1
2,H09,FAM,Unkn-40,22.75,22.89,1e-05,Dermo,H6_CviMVP_PlDNA_10_SG_2063_47fa25a7,CviMVP_130491,IL_ApBay_FL_2023-10-3,18,H6_CviMVP_PlDNA_10_SG_2063_47fa25a7,2_H6_CviMVP_PlDNA_10_SG_2063_47fa25a7_Dermo,1,0.27,Positive,FALSE,3874.153333,2,Positive,3
3,A03,FAM,Unkn-01,23.12,23.16,6e-05,Dermo,A8_CviMVP_PlDNA_5_SG_1240_5c86242a,CviMVP_10802,CC_VA_2022-7-11,22,A8_CviMVP_PlDNA_5_SG_1240_5c86242a,3_A8_CviMVP_PlDNA_5_SG_1240_5c86242a_Dermo,1,0.09,Positive,FALSE,19018.57091,3,Positive,2
3,A05,FAM,Unkn-09,33.15,33.25,0,Dermo,A10_CviMVP_PlDNA_5_SG.sharedLotterhosPuritz_3010_78670ac9,CviMVP_30030,CS_DB_NJ_2022-9-21,18,A10_CviMVP_PlDNA_5_SG.sharedLotterhosPuritz_3010_78670ac9,3_A10_CviMVP_PlDNA_5_SG.sharedLotterhosPuritz_3010_78670ac9_Dermo,1,0.2,Positive,FALSE,0,0,Positive,1
3,A09,FAM,Unkn-25,NA,0,0,Dermo,A12_CviMVP_PlDNA_5_SG_1825_b3a90178,CviMVP_12505,PrEdIs_CN_A_2022-10-18,21,A12_CviMVP_PlDNA_5_SG_1825_b3a90178,3_A12_CviMVP_PlDNA_5_SG_1825_b3a90178_Dermo,1,NA,Negative,FALSE,0,0,Negative,0
3,B03,FAM,Unkn-02,36.46,36.38,0,Dermo,B8_CviMVP_PlDNA_5_SG_1558_fba7a623,CviMVP_11722,CPR_MS_AL_2022-8-24,20,B8_CviMVP_PlDNA_5_SG_1558_fba7a623,3_B8_CviMVP_PlDNA_5_SG_1558_fba7a623_Dermo,1,0.15,Positive,FALSE,0,0,Positive,1
3,B07,FAM,Unkn-18,NA,0,0,Dermo,B11_CviMVP_PlDNA_5_SG.sharedLotterhosPuritz_3035_b56ac115,CviMVP_30103,HC_DB_NJ_2022-9-23,19,B11_CviMVP_PlDNA_5_SG.sharedLotterhosPuritz_3035_b56ac115,3_B11_CviMVP_PlDNA_5_SG.sharedLotterhosPuritz_3035_b56ac115_Dermo,1,NA,Negative,FALSE,0,0,Negative,0
3,B09,FAM,Unkn-26,NA,0,0,Dermo,A9_CviMVP_PlDNA_5_SG_1659_12a25bac,CviMVP_12016,EelLake_Canada_2022-9-27,19,A9_CviMVP_PlDNA_5_SG_1659_12a25bac,3_A9_CviMVP_PlDNA_5_SG_1659_12a25bac_Dermo,1,NA,Negative,FALSE,0,0,Negative,0
3,B11,FAM,Unkn,25.7,25.7,1e-05,Dermo,D7_CviMVP_PlDNA_5_SG_1796_1ba8d3a0,CviMVP_12419,NPS_PS_NC_2022-10-12,21,D7_CviMVP_PlDNA_5_SG_1796_1ba8d3a0,3_D7_CviMVP_PlDNA_5_SG_1796_1ba8d3a0_Dermo,1,0.01,Positive,FALSE,3320.702857,2,Positive,1
3,C03,FAM,Unkn-03,NA,0,0,Dermo,C8_CviMVP_PlDNA_5_SG_1177_84b10c5a,CviMVP_10620,Culch_Ba_LA_2022-6-21,19,C8_CviMVP_PlDNA_5_SG_1177_84b10c5a,3_C8_CviMVP_PlDNA_5_SG_1177_84b10c5a_Dermo,1,NA,Negative,FALSE,0,0,Negative,0
3,C05,FAM,Unkn-11,23.59,23.46,5e-05,Dermo,C10_CviMVP_PlDNA_5_SG_1699_ba3f6196,CviMVP_12133,SaLa_GA_2022-10-5,22,C10_CviMVP_PlDNA_5_SG_1699_ba3f6196,3_C10_CviMVP_PlDNA_5_SG_1699_ba3f6196_Dermo,1,0.26,Positive,FALSE,15848.80909,3,Positive,2
3,C11,FAM,Unkn-33,35.93,35.49,0,Dermo,E7_CviMVP_PlDNA_5_SG_1916_b4df3bc3,CviMVP_12765,Orrs_Cove_ME_2022-10-31,22,E7_CviMVP_PlDNA_5_SG_1916_b4df3bc3,3_E7_CviMVP_PlDNA_5_SG_1916_b4df3bc3_Dermo,1,0.88,Positive,FALSE,0,0,Positive,1
3,D03,FAM,Unkn-04,NA,0,0,Dermo,D8_CviMVP_PlDNA_5_SG.sharedLotterhosPuritz_1850_dfd894f5,CviMVP_12574,LCP_UP_MD_2022-10-20,22,D8_CviMVP_PlDNA_5_SG.sharedLotterhosPuritz_1850_dfd894f5,3_D8_CviMVP_PlDNA_5_SG.sharedLotterhosPuritz_1850_dfd894f5_Dermo,1,NA,Negative,FALSE,0,0,Negative,0
3,D05,FAM,Unkn-12,NA,0,0,Dermo,D10_CviMVP_PlDNA_5_SG_1673_65fa18bf,CviMVP_12058,EelLake_Canada_2022-9-27,21,D10_CviMVP_PlDNA_5_SG_1673_65fa18bf,3_D10_CviMVP_PlDNA_5_SG_1673_65fa18bf_Dermo,1,NA,Negative,FALSE,0,0,Negative,0
3,D07,FAM,Unkn-20,29.57,29.63,0,Dermo,D11_CviMVP_PlDNA_5_SG.sharedLotterhosPuritz_1523_b1a44415,CviMVP_11617,DC_NB_RI_2022-8-19,22,D11_CviMVP_PlDNA_5_SG.sharedLotterhosPuritz_1523_b1a44415,3_D11_CviMVP_PlDNA_5_SG.sharedLotterhosPuritz_1523_b1a44415_Dermo,1,0.13,Positive,FALSE,0,0,Positive,1
3,E03,FAM,Unkn-05,NA,0,0,Dermo,E8_CviMVP_PlDNA_5_SG_1555_8dbba465,CviMVP_11713,CPR_MS_AL_2022-8-24,21,E8_CviMVP_PlDNA_5_SG_1555_8dbba465,3_E8_CviMVP_PlDNA_5_SG_1555_8dbba465_Dermo,1,NA,Negative,FALSE,0,0,Negative,0
3,E05,FAM,Unkn-13,34.55,34.64,0,Dermo,E10_CviMVP_PlDNA_5_SG_1339_2f706811,CviMVP_11086,Mer_GA_2022-7-26,21,E10_CviMVP_PlDNA_5_SG_1339_2f706811,3_E10_CviMVP_PlDNA_5_SG_1339_2f706811_Dermo,1,0.19,Positive,FALSE,0,0,Positive,1
3,E09,FAM,Unkn-29,26.35,26.43,1e-05,Dermo,E12_CviMVP_PlDNA_5_SG_1185_aba5efd7,CviMVP_10643,Culch_Ba_LA_2022-6-21,20,E12_CviMVP_PlDNA_5_SG_1185_aba5efd7,3_E12_CviMVP_PlDNA_5_SG_1185_aba5efd7_Dermo,1,0.16,Positive,FALSE,3486.738,2,Positive,1
3,E11,FAM,Unkn-35,35.32,34.75,0,Dermo,G7_CviMVP_PlDNA_5_SG.sharedLotterhosPuritz_1537_b0ca9a64,CviMVP_11659,DC_NB_RI_2022-8-19,22,G7_CviMVP_PlDNA_5_SG.sharedLotterhosPuritz_1537_b0ca9a64,3_G7_CviMVP_PlDNA_5_SG.sharedLotterhosPuritz_1537_b0ca9a64_Dermo,1,1.14,Positive,FALSE,0,0,Positive,1
3,F03,FAM,Unkn-06,28.02,28.01,0,Dermo,F8_CviMVP_PlDNA_5_SG_1236_d423013f,CviMVP_10790,CC_VA_2022-7-11,19,F8_CviMVP_PlDNA_5_SG_1236_d423013f,3_F8_CviMVP_PlDNA_5_SG_1236_d423013f_Dermo,1,0.01,Positive,FALSE,0,0,Positive,1
3,F05,FAM,Unkn-14,NA,0,0,Dermo,F10_CviMVP_PlDNA_5_SG_1140_2d92ccfe,CviMVP_10531,FP_Sav_GA_2022-6-10,19,F10_CviMVP_PlDNA_5_SG_1140_2d92ccfe,3_F10_CviMVP_PlDNA_5_SG_1140_2d92ccfe_Dermo,1,NA,Negative,FALSE,0,0,Negative,0
3,F11,FAM,Unkn-36,30.15,30.17,0,Dermo,H7_CviMVP_PlDNA_5_SG_1790_4da0737e,CviMVP_12402,NPS_PS_NC_2022-10-12,21,H7_CviMVP_PlDNA_5_SG_1790_4da0737e,3_H7_CviMVP_PlDNA_5_SG_1790_4da0737e_Dermo,1,0.04,Positive,FALSE,0,0,Positive,1
3,G09,FAM,Unkn-31,28.79,28.71,0,Dermo,G12_CviMVP_PlDNA_5_SG.sharedLotterhosPuritz_1860_6b3c9694,CviMVP_12604,LCP_UP_MD_2022-10-20,22,G12_CviMVP_PlDNA_5_SG.sharedLotterhosPuritz_1860_6b3c9694,3_G12_CviMVP_PlDNA_5_SG.sharedLotterhosPuritz_1860_6b3c9694_Dermo,1,0.16,Positive,FALSE,0,0,Positive,1
3,H03,FAM,Unkn-08,NA,0,0,Dermo,H8_CviMVP_PlDNA_5_SG.sharedLotterhosPuritz_1776_3c0d0ba6,CviMVP_12360,DWS_CB_VA_2022-10-7,20,H8_CviMVP_PlDNA_5_SG.sharedLotterhosPuritz_1776_3c0d0ba6,3_H8_CviMVP_PlDNA_5_SG.sharedLotterhosPuritz_1776_3c0d0ba6_Dermo,1,NA,Negative,FALSE,0,0,Negative,0
3,H05,FAM,Unkn-16,26.12,26.04,1e-05,Dermo,H10_CviMVP_PlDNA_5_SG_1420_9ee80cac,CviMVP_11317,GriceCove_SC_2022-8-10,22,H10_CviMVP_PlDNA_5_SG_1420_9ee80cac,3_H10_CviMVP_PlDNA_5_SG_1420_9ee80cac_Dermo,1,0.15,Positive,FALSE,3169.761818,2,Positive,1
3,H09,FAM,Unkn-32,NA,0,0,Dermo,H12_CviMVP_PlDNA_5_SG_1370_ad268e37,CviMVP_11178,Nickle_Rf_LA_2022-8-1,22,H12_CviMVP_PlDNA_5_SG_1370_ad268e37,3_H12_CviMVP_PlDNA_5_SG_1370_ad268e37_Dermo,1,NA,Negative,FALSE,0,0,Negative,0
4,A03,FAM,Unkn-01,27.53,27.04,0,Dermo,A1_CviMVP_PlDNA_8_SG_1704_5a1dbe6d,CviMVP_12147,SaLa_GA_2022-10-5,20,A1_CviMVP_PlDNA_8_SG_1704_5a1dbe6d,4_A1_CviMVP_PlDNA_8_SG_1704_5a1dbe6d_Dermo,1,0.98,Positive,FALSE,0,0,Positive,1
4,A05,FAM,Unkn-09,29.25,29.21,0,Dermo,A2_CviMVP_PlDNA_8_SG_1620_0699af35,CviMVP_11900,SawIs_MA_2022-9-5,22,A2_CviMVP_PlDNA_8_SG_1620_0699af35,4_A2_CviMVP_PlDNA_8_SG_1620_0699af35_Dermo,1,0.08,Positive,FALSE,0,0,Positive,1
4,A07,FAM,Unkn-17,25.75,25.71,0,Dermo,A3_CviMVP_PlDNA_8_SG_1244_e32d6f62,CviMVP_10813,CC_VA_2022-7-11,20,A3_CviMVP_PlDNA_8_SG_1244_e32d6f62,4_A3_CviMVP_PlDNA_8_SG_1244_e32d6f62_Dermo,1,0.07,Positive,FALSE,0,0,Positive,1
4,B03,FAM,Unkn-02,31.1,30.91,0,Dermo,B1_CviMVP_PlDNA_8_SG_1963_eb235ee9,CviMVP_12908,FFJ_CF_NC_2023-7-19,20,B1_CviMVP_PlDNA_8_SG_1963_eb235ee9,4_B1_CviMVP_PlDNA_8_SG_1963_eb235ee9_Dermo,1,0.38,Positive,FALSE,0,0,Positive,1
4,B05,FAM,Unkn-10,25.09,25.07,1e-05,Dermo,B2_CviMVP_PlDNA_8_SG_1968_395d59b2,CviMVP_12923,FFJ_CF_NC_2023-7-19,20,B2_CviMVP_PlDNA_8_SG_1968_395d59b2,4_B2_CviMVP_PlDNA_8_SG_1968_395d59b2_Dermo,1,0.04,Positive,FALSE,3486.738,2,Positive,1
4,B09,FAM,Unkn-26,25.37,25.4,1e-05,Dermo,B4_CviMVP_PlDNA_8_SG_1934_cc08ebbc,CviMVP_12821,UNCW_MS_NC_2023-7-17,18,B4_CviMVP_PlDNA_8_SG_1934_cc08ebbc,4_B4_CviMVP_PlDNA_8_SG_1934_cc08ebbc_Dermo,1,0.07,Positive,FALSE,3874.153333,2,Positive,1
4,C05,FAM,Unkn-11,NA,0,0,Dermo,C2_CviMVP_PlDNA_8_SG_1216_f035d672,CviMVP_10732,TP_TX_2022-6-28,22,C2_CviMVP_PlDNA_8_SG_1216_f035d672,4_C2_CviMVP_PlDNA_8_SG_1216_f035d672_Dermo,1,NA,Negative,FALSE,0,0,Negative,0
4,C07,FAM,Unkn-19,26.18,26.14,0,Dermo,C3_CviMVP_PlDNA_8_SG.sharedLotterhosPuritz_1515_7b4479d6,CviMVP_11594,DC_NB_RI_2022-8-19,21,C3_CviMVP_PlDNA_8_SG.sharedLotterhosPuritz_1515_7b4479d6,4_C3_CviMVP_PlDNA_8_SG.sharedLotterhosPuritz_1515_7b4479d6_Dermo,1,0.08,Positive,FALSE,0,0,Positive,1
4,C09,FAM,Unkn-27,26,26.02,0,Dermo,C4_CviMVP_PlDNA_8_SG_1960_3357f004,CviMVP_12899,FFJ_CF_NC_2023-7-19,22,C4_CviMVP_PlDNA_8_SG_1960_3357f004,4_C4_CviMVP_PlDNA_8_SG_1960_3357f004_Dermo,1,0.04,Positive,FALSE,0,0,Positive,1
4,C11,FAM,Unkn-34,24.98,24.97,1e-05,Dermo,B5_CviMVP_PlDNA_8_SG_1915_6081db2b,CviMVP_12762,Orrs_Cove_ME_2022-10-31,22,B5_CviMVP_PlDNA_8_SG_1915_6081db2b,4_B5_CviMVP_PlDNA_8_SG_1915_6081db2b_Dermo,1,0.02,Positive,FALSE,3169.761818,2,Positive,2
4,D03,FAM,Unkn-04,NA,0,0,Dermo,D1_CviMVP_PlDNA_8_SG_1094_dbbaa94b,CviMVP_10426,GalBay_TX_2022-6-2,22,D1_CviMVP_PlDNA_8_SG_1094_dbbaa94b,4_D1_CviMVP_PlDNA_8_SG_1094_dbbaa94b_Dermo,1,NA,Negative,FALSE,0,0,Negative,0
4,D05,FAM,Unkn-12,26.89,26.73,0,Dermo,D2_CviMVP_PlDNA_8_SG_1150_d9d44bea,CviMVP_10557,FP_Sav_GA_2022-6-10,21,D2_CviMVP_PlDNA_8_SG_1150_d9d44bea,4_D2_CviMVP_PlDNA_8_SG_1150_d9d44bea_Dermo,1,0.31,Positive,FALSE,0,0,Positive,1
4,D11,FAM,Unkn-35,NA,0,0,Dermo,C5_CviMVP_PlDNA_8_SG_1469_a4aec96e,CviMVP_11457,SR_GB_NH_2022-8-12,20,C5_CviMVP_PlDNA_8_SG_1469_a4aec96e,4_C5_CviMVP_PlDNA_8_SG_1469_a4aec96e_Dermo,1,NA,Negative,FALSE,0,0,Negative,0
4,E03,FAM,Unkn-05,26.02,25.88,0,Dermo,E1_CviMVP_PlDNA_8_SG_1950_7393d075,CviMVP_12869,UNCW_MS_NC_2023-7-17,18,E1_CviMVP_PlDNA_8_SG_1950_7393d075,4_E1_CviMVP_PlDNA_8_SG_1950_7393d075_Dermo,1,0.28,Positive,FALSE,0,0,Positive,1
4,E05,FAM,Unkn-13,22.83,22.86,2e-05,Dermo,E2_CviMVP_PlDNA_8_SG_1964_e12c9fad,CviMVP_12911,FFJ_CF_NC_2023-7-19,20,E2_CviMVP_PlDNA_8_SG_1964_e12c9fad,4_E2_CviMVP_PlDNA_8_SG_1964_e12c9fad_Dermo,1,0.06,Positive,FALSE,6973.476,2,Positive,3
4,E07,FAM,Unkn-21,35.88,36.47,0,Dermo,E3_CviMVP_PlDNA_8_SG_1953_768af66b,CviMVP_12878,UNCW_MS_NC_2023-7-17,22,E3_CviMVP_PlDNA_8_SG_1953_768af66b,4_E3_CviMVP_PlDNA_8_SG_1953_768af66b_Dermo,1,1.18,Positive,FALSE,0,0,Positive,1
4,E09,FAM,Unkn-29,37.43,36.97,0,Dermo,E4_CviMVP_PlDNA_8_SG_1110_fa506746,CviMVP_10465,CB_TX_2022-6-9,20,E4_CviMVP_PlDNA_8_SG_1110_fa506746,4_E4_CviMVP_PlDNA_8_SG_1110_fa506746_Dermo,1,0.92,Positive,FALSE,0,0,Positive,1
4,E11,FAM,Unkn-36,24.75,24.81,1e-05,Dermo,D5_CviMVP_PlDNA_8_SG_1958_1cc13247,CviMVP_12893,FFJ_CF_NC_2023-7-19,21,D5_CviMVP_PlDNA_8_SG_1958_1cc13247,4_D5_CviMVP_PlDNA_8_SG_1958_1cc13247_Dermo,1,0.12,Positive,FALSE,3320.702857,2,Positive,2
4,F03,FAM,Unkn-06,24.04,24.03,1e-05,Dermo,F1_CviMVP_PlDNA_8_SG.sharedLotterhosPuritz_1535_190eee14,CviMVP_11653,DC_NB_RI_2022-8-19,22,F1_CviMVP_PlDNA_8_SG.sharedLotterhosPuritz_1535_190eee14,4_F1_CviMVP_PlDNA_8_SG.sharedLotterhosPuritz_1535_190eee14_Dermo,1,0.01,Positive,FALSE,3169.761818,2,Positive,2
4,F05,FAM,Unkn-14,NA,0,0,Dermo,F2_CviMVP_PlDNA_8_SG_1875_a48165f7,CviMVP_12649,DC_DR_ME_2022-10-25,22,F2_CviMVP_PlDNA_8_SG_1875_a48165f7,4_F2_CviMVP_PlDNA_8_SG_1875_a48165f7_Dermo,1,NA,Negative,FALSE,0,0,Negative,0
4,F07,FAM,Unkn-22,28.51,28.53,0,Dermo,F3_CviMVP_PlDNA_8_SG_1976_e7453abd,CviMVP_12947,FFJ_CF_NC_2023-7-19,22,F3_CviMVP_PlDNA_8_SG_1976_e7453abd,4_F3_CviMVP_PlDNA_8_SG_1976_e7453abd_Dermo,1,0.05,Positive,FALSE,0,0,Positive,1
4,F09,FAM,Unkn-30,21.12,21.12,6e-05,Dermo,F4_CviMVP_PlDNA_8_SG_1413_3470f785,CviMVP_11297,GriceCove_SC_2022-8-10,21,F4_CviMVP_PlDNA_8_SG_1413_3470f785,4_F4_CviMVP_PlDNA_8_SG_1413_3470f785_Dermo,1,0.01,Positive,FALSE,19924.21714,3,Positive,3
4,F11,FAM,Unkn-37,NA,0,0,Dermo,E5_CviMVP_PlDNA_8_SG_1644_56daca75,CviMVP_11972,SaltBay_Canada_2022-9-27,20,E5_CviMVP_PlDNA_8_SG_1644_56daca75,4_E5_CviMVP_PlDNA_8_SG_1644_56daca75_Dermo,1,NA,Negative,FALSE,0,0,Negative,0
4,G05,FAM,Unkn-15,25.75,25.58,0,Dermo,G2_CviMVP_PlDNA_8_SG_1987_51f2e064,CviMVP_12980,FFJ_CF_NC_2023-7-19,20,G2_CviMVP_PlDNA_8_SG_1987_51f2e064,4_G2_CviMVP_PlDNA_8_SG_1987_51f2e064_Dermo,1,0.34,Positive,FALSE,0,0,Positive,1
4,G07,FAM,Unkn-23,NA,0,0,Dermo,G3_CviMVP_PlDNA_8_SG_1870_e23dc377,CviMVP_12634,DC_DR_ME_2022-10-25,22,G3_CviMVP_PlDNA_8_SG_1870_e23dc377,4_G3_CviMVP_PlDNA_8_SG_1870_e23dc377_Dermo,1,NA,Negative,FALSE,0,0,Negative,0
4,H03,FAM,Unkn-08,30.36,30.73,0,Dermo,H1_CviMVP_PlDNA_8_SG_1946_c72e69f0,CviMVP_12857,UNCW_MS_NC_2023-7-17,20,H1_CviMVP_PlDNA_8_SG_1946_c72e69f0,4_H1_CviMVP_PlDNA_8_SG_1946_c72e69f0_Dermo,1,0.74,Positive,FALSE,0,0,Positive,1
4,H05,FAM,Unkn-16,32.24,32.23,0,Dermo,H2_CviMVP_PlDNA_8_SG_1817_40830da8,CviMVP_12482,PrEdIs_CN_A_2022-10-18,20,H2_CviMVP_PlDNA_8_SG_1817_40830da8,4_H2_CviMVP_PlDNA_8_SG_1817_40830da8_Dermo,1,0.02,Positive,FALSE,0,0,Positive,1
4,H07,FAM,Unkn-24,24.24,23.97,1e-05,Dermo,H3_CviMVP_PlDNA_8_SG_1590_6ac21255,CviMVP_11811,KP_FGR_FL_2022-8-23,20,H3_CviMVP_PlDNA_8_SG_1590_6ac21255,4_H3_CviMVP_PlDNA_8_SG_1590_6ac21255_Dermo,1,0.53,Positive,FALSE,3486.738,2,Positive,2
4,H09,FAM,Unkn-32,34.43,34.69,0,Dermo,H4_CviMVP_PlDNA_8_SG_1978_d8d8fcac,CviMVP_12953,FFJ_CF_NC_2023-7-19,22,H4_CviMVP_PlDNA_8_SG_1978_d8d8fcac,4_H4_CviMVP_PlDNA_8_SG_1978_d8d8fcac_Dermo,1,0.52,Positive,FALSE,0,0,Positive,1
5,A03,FAM,Unkn-01,NA,0,0,Dermo,A6_CviMVP_PlDNA_8_SG.sharedLotterhosPuritz_1841_a851fd66,CviMVP_12547,LCP_UP_MD_2022-10-20,21,A6_CviMVP_PlDNA_8_SG.sharedLotterhosPuritz_1841_a851fd66,5_A6_CviMVP_PlDNA_8_SG.sharedLotterhosPuritz_1841_a851fd66_Dermo,1,NA,Negative,FALSE,0,0,Negative,0
5,A05,FAM,Unkn-09,28.77,28.59,0,Dermo,A7_CviMVP_PlDNA_8_SG_1974_61233be3,CviMVP_12941,FFJ_CF_NC_2023-7-19,18,A7_CviMVP_PlDNA_8_SG_1974_61233be3,5_A7_CviMVP_PlDNA_8_SG_1974_61233be3_Dermo,1,0.36,Positive,FALSE,0,0,Positive,1
5,A07,FAM,Unkn-17,NA,0,0,Dermo,A8_CviMVP_PlDNA_8_SG_1961_5fb604b5,CviMVP_12902,FFJ_CF_NC_2023-7-19,22,A8_CviMVP_PlDNA_8_SG_1961_5fb604b5,5_A8_CviMVP_PlDNA_8_SG_1961_5fb604b5_Dermo,1,NA,Negative,FALSE,0,0,Negative,0
5,B03,FAM,Unkn-02,34.08,34.25,0,Dermo,B6_CviMVP_PlDNA_8_SG_1300_44ce9ee3,CviMVP_10972,Sapelo_Is_GA_2022-7-17,21,B6_CviMVP_PlDNA_8_SG_1300_44ce9ee3,5_B6_CviMVP_PlDNA_8_SG_1300_44ce9ee3_Dermo,1,0.34,Positive,FALSE,0,0,Positive,1
5,B05,FAM,Unkn-10,28.02,27.85,0,Dermo,B7_CviMVP_PlDNA_8_SG_1614_19a95902,CviMVP_11882,SawIs_MA_2022-9-5,20,B7_CviMVP_PlDNA_8_SG_1614_19a95902,5_B7_CviMVP_PlDNA_8_SG_1614_19a95902_Dermo,1,0.35,Positive,FALSE,0,0,Positive,1
5,B07,FAM,Unkn-18,34.71,33.95,0,Dermo,B8_CviMVP_PlDNA_8_SG_1543_2be99652,CviMVP_11677,CPR_MS_AL_2022-8-24,21,B8_CviMVP_PlDNA_8_SG_1543_2be99652,5_B8_CviMVP_PlDNA_8_SG_1543_2be99652_Dermo,1,1.52,Positive,FALSE,0,0,Positive,1
5,B09,FAM,Unkn-26,34.4,34.6,0,Dermo,B9_CviMVP_PlDNA_8_SG_1956_2c578cb3,CviMVP_12887,UNCW_MS_NC_2023-7-17,20,B9_CviMVP_PlDNA_8_SG_1956_2c578cb3,5_B9_CviMVP_PlDNA_8_SG_1956_2c578cb3_Dermo,1,0.4,Positive,FALSE,0,0,Positive,1
5,B11,FAM,Unkn-33,NA,0,0,Dermo,F5_CviMVP_PlDNA_8_SG_1685_5ab3f690,CviMVP_12093,EelLake_Canada_2022-9-27,21,F5_CviMVP_PlDNA_8_SG_1685_5ab3f690,5_F5_CviMVP_PlDNA_8_SG_1685_5ab3f690_Dermo,1,NA,Negative,FALSE,0,0,Negative,0
5,C03,FAM,Unkn-03,24.88,24.51,1e-05,Dermo,C6_CviMVP_PlDNA_8_SG.sharedLotterhosPuritz_1727_ae5c9174,CviMVP_12214,WS_CB_VA_2022-10-7,21,C6_CviMVP_PlDNA_8_SG.sharedLotterhosPuritz_1727_ae5c9174,5_C6_CviMVP_PlDNA_8_SG.sharedLotterhosPuritz_1727_ae5c9174_Dermo,1,0.75,Positive,FALSE,3320.702857,2,Positive,2
5,C05,FAM,Unkn-11,38.18,37.85,0,Dermo,C7_CviMVP_PlDNA_8_SG_1192_0fe6e60e,CviMVP_10664,Culch_Ba_LA_2022-6-21,21,C7_CviMVP_PlDNA_8_SG_1192_0fe6e60e,5_C7_CviMVP_PlDNA_8_SG_1192_0fe6e60e_Dermo,1,0.66,Positive,FALSE,0,0,Negative,0
5,C07,FAM,Unkn-19,25.66,25.17,1e-05,Dermo,C8_CviMVP_PlDNA_8_SG_1932_20da4fab,CviMVP_12815,UNCW_MS_NC_2023-7-17,20,C8_CviMVP_PlDNA_8_SG_1932_20da4fab,5_C8_CviMVP_PlDNA_8_SG_1932_20da4fab_Dermo,1,0.97,Positive,FALSE,3486.738,2,Positive,1
5,C09,FAM,Unkn-27,32.46,32.69,0,Dermo,C9_CviMVP_PlDNA_8_SG_1388_408449ca,CviMVP_11231,Sister_Lk_LA_2022-8-9,20,C9_CviMVP_PlDNA_8_SG_1388_408449ca,5_C9_CviMVP_PlDNA_8_SG_1388_408449ca_Dermo,1,0.45,Positive,FALSE,0,0,Positive,1
5,C11,FAM,Unkn-34,22.26,22.5,4e-05,Dermo,G5_CviMVP_PlDNA_8_SG_1929_f5d9f828,CviMVP_12806,UNCW_MS_NC_2023-7-17,22,G5_CviMVP_PlDNA_8_SG_1929_f5d9f828,5_G5_CviMVP_PlDNA_8_SG_1929_f5d9f828_Dermo,1,0.49,Positive,FALSE,12679.04727,3,Positive,3
5,D03,FAM,Unkn-04,26.28,25.61,1e-05,Dermo,D6_CviMVP_PlDNA_8_SG_1985_db2b8025,CviMVP_12974,FFJ_CF_NC_2023-7-19,24,D6_CviMVP_PlDNA_8_SG_1985_db2b8025,5_D6_CviMVP_PlDNA_8_SG_1985_db2b8025_Dermo,1,1.34,Positive,FALSE,2905.615,2,Positive,1
5,D05,FAM,Unkn-12,24.18,24.01,2e-05,Dermo,D7_CviMVP_PlDNA_8_SG.sharedLotterhosPuritz_1501_f7ccf56f,CviMVP_11552,NR_NB_RI_2022-8-19,20,D7_CviMVP_PlDNA_8_SG.sharedLotterhosPuritz_1501_f7ccf56f,5_D7_CviMVP_PlDNA_8_SG.sharedLotterhosPuritz_1501_f7ccf56f_Dermo,1,0.35,Positive,FALSE,6973.476,2,Positive,2
5,D07,FAM,Unkn-20,NA,0,0,Dermo,D8_CviMVP_PlDNA_8_SG_1349_2d6f6e87,CviMVP_11115,Nickle_Rf_LA_2022-8-1,20,D8_CviMVP_PlDNA_8_SG_1349_2d6f6e87,5_D8_CviMVP_PlDNA_8_SG_1349_2d6f6e87_Dermo,1,NA,Negative,FALSE,0,0,Negative,0
5,D09,FAM,Unkn-28,NA,0,0,Dermo,D9_CviMVP_PlDNA_8_SG_1364_c3cc12f7,CviMVP_11160,Nickle_Rf_LA_2022-8-1,19,D9_CviMVP_PlDNA_8_SG_1364_c3cc12f7,5_D9_CviMVP_PlDNA_8_SG_1364_c3cc12f7_Dermo,1,NA,Negative,FALSE,0,0,Negative,0
5,D11,FAM,Unkn-35,18.71,18.66,0.00048,Dermo,H5_CviMVP_PlDNA_8_SG_1462_7035a568,CviMVP_11437,SR_GB_NH_2022-8-12,20,H5_CviMVP_PlDNA_8_SG_1462_7035a568,5_H5_CviMVP_PlDNA_8_SG_1462_7035a568_Dermo,1,0.09,Positive,FALSE,167363.424,3,Positive,3
5,E03,FAM,Unkn-05,NA,0,0,Dermo,E6_CviMVP_PlDNA_8_SG_1945_47841aa2,CviMVP_12854,UNCW_MS_NC_2023-7-17,22,E6_CviMVP_PlDNA_8_SG_1945_47841aa2,5_E6_CviMVP_PlDNA_8_SG_1945_47841aa2_Dermo,1,NA,Negative,FALSE,0,0,Negative,0
5,E05,FAM,Unkn-13,35.97,35.71,0,Dermo,E7_CviMVP_PlDNA_8_SG_1251_5c726cbb,CviMVP_10833,CC_VA_2022-7-11,20,E7_CviMVP_PlDNA_8_SG_1251_5c726cbb,5_E7_CviMVP_PlDNA_8_SG_1251_5c726cbb_Dermo,1,0.52,Positive,FALSE,0,0,Positive,1
5,E09,FAM,Unkn-29,26.05,25.93,0,Dermo,E9_CviMVP_PlDNA_8_SG_1290_0146de7c,CviMVP_10943,Sapelo_Is_GA_2022-7-17,19,E9_CviMVP_PlDNA_8_SG_1290_0146de7c,5_E9_CviMVP_PlDNA_8_SG_1290_0146de7c_Dermo,1,0.25,Positive,FALSE,0,0,Positive,1
5,F03,FAM,Unkn-06,24.03,23.81,2e-05,Dermo,F6_CviMVP_PlDNA_8_SG_1942_7d9bec89,CviMVP_12845,UNCW_MS_NC_2023-7-17,20,F6_CviMVP_PlDNA_8_SG_1942_7d9bec89,5_F6_CviMVP_PlDNA_8_SG_1942_7d9bec89_Dermo,1,0.45,Positive,FALSE,6973.476,2,Positive,2
5,F07,FAM,Unkn-22,28.53,28.36,0,Dermo,F8_CviMVP_PlDNA_8_SG_1132_c78437b2,CviMVP_10510,FP_Sav_GA_2022-6-10,22,F8_CviMVP_PlDNA_8_SG_1132_c78437b2,5_F8_CviMVP_PlDNA_8_SG_1132_c78437b2_Dermo,1,0.33,Positive,FALSE,0,0,Positive,1
5,F09,FAM,Unkn-30,24.9,24.8,1e-05,Dermo,F9_CviMVP_PlDNA_8_SG.sharedLotterhosPuritz_1500_66a95736,CviMVP_11549,NR_NB_RI_2022-8-19,20,F9_CviMVP_PlDNA_8_SG.sharedLotterhosPuritz_1500_66a95736,5_F9_CviMVP_PlDNA_8_SG.sharedLotterhosPuritz_1500_66a95736_Dermo,1,0.2,Positive,FALSE,3486.738,2,Positive,2
5,G03,FAM,Unkn-07,37.61,38.1,0,Dermo,G6_CviMVP_PlDNA_8_SG_1683_f7d0048b,CviMVP_12090,EelLake_Canada_2022-9-27,21,G6_CviMVP_PlDNA_8_SG_1683_f7d0048b,5_G6_CviMVP_PlDNA_8_SG_1683_f7d0048b_Dermo,1,0.99,Positive,FALSE,0,0,Negative,0
5,G07,FAM,Unkn-23,NA,0,0,Dermo,G8_CviMVP_PlDNA_8_SG_1567_d4e8b574,CviMVP_11749,CPR_MS_AL_2022-8-24,20,G8_CviMVP_PlDNA_8_SG_1567_d4e8b574,5_G8_CviMVP_PlDNA_8_SG_1567_d4e8b574_Dermo,1,NA,Negative,FALSE,0,0,Negative,0
5,G09,FAM,Unkn-31,22.85,22.78,3e-05,Dermo,G9_CviMVP_PlDNA_8_SG_1327_ed207175,CviMVP_11050,Mer_GA_2022-7-26,20,G9_CviMVP_PlDNA_8_SG_1327_ed207175,5_G9_CviMVP_PlDNA_8_SG_1327_ed207175_Dermo,1,0.14,Positive,FALSE,10460.214,3,Positive,3
5,H03,FAM,Unkn-08,34.25,34.35,0,Dermo,H6_CviMVP_PlDNA_8_SG_1399_2a0af914,CviMVP_11264,Sister_Lk_LA_2022-8-9,22,H6_CviMVP_PlDNA_8_SG_1399_2a0af914,5_H6_CviMVP_PlDNA_8_SG_1399_2a0af914_Dermo,1,0.2,Positive,FALSE,0,0,Positive,1
5,H05,FAM,Unkn-16,24.38,24.26,1e-05,Dermo,H7_CviMVP_PlDNA_8_SG.sharedLotterhosPuritz_1721_65316746,CviMVP_12196,WS_CB_VA_2022-10-7,19,H7_CviMVP_PlDNA_8_SG.sharedLotterhosPuritz_1721_65316746,5_H7_CviMVP_PlDNA_8_SG.sharedLotterhosPuritz_1721_65316746_Dermo,1,0.23,Positive,FALSE,3670.250526,2,Positive,2
5,H07,FAM,Unkn-24,28.87,28.84,0,Dermo,H8_CviMVP_PlDNA_8_SG_1717_4c543071,CviMVP_12184,SaLa_GA_2022-10-5,20,H8_CviMVP_PlDNA_8_SG_1717_4c543071,5_H8_CviMVP_PlDNA_8_SG_1717_4c543071_Dermo,1,0.06,Positive,FALSE,0,0,Positive,1
5,H09,FAM,Unkn-32,27.13,26.9,0,Dermo,H9_CviMVP_PlDNA_8_SG_1973_6e1dd4a0,CviMVP_12938,FFJ_CF_NC_2023-7-19,19,H9_CviMVP_PlDNA_8_SG_1973_6e1dd4a0,5_H9_CviMVP_PlDNA_8_SG_1973_6e1dd4a0_Dermo,1,0.46,Positive,FALSE,0,0,Positive,1
6,A03,FAM,Unkn-01,33.06,33.09,0,Dermo,A1_CviMVP_PlDNA_1_SG_1578_ce10073c,CviMVP_11777,KP_FGR_FL_2022-8-23,22,A1_CviMVP_PlDNA_1_SG_1578_ce10073c,6_A1_CviMVP_PlDNA_1_SG_1578_ce10073c_Dermo,1,0.05,Positive,FALSE,0,0,Positive,1
6,A05,FAM,Unkn-09,26.1,26.14,1e-05,Dermo,A2_CviMVP_PlDNA_1_SG_1252_dcaed37c,CviMVP_10836,CC_VA_2022-7-11,21,A2_CviMVP_PlDNA_1_SG_1252_dcaed37c,6_A2_CviMVP_PlDNA_1_SG_1252_dcaed37c_Dermo,1,0.08,Positive,FALSE,3320.702857,2,Positive,1
6,A07,FAM,Unkn-17,NA,0,0,Dermo,A3_CviMVP_PlDNA_1_SG_1103_107ab9bb,CviMVP_10450,CB_TX_2022-6-9,18,A3_CviMVP_PlDNA_1_SG_1103_107ab9bb,6_A3_CviMVP_PlDNA_1_SG_1103_107ab9bb_Dermo,1,NA,Negative,FALSE,0,0,Negative,0
6,A09,FAM,Unkn-25,NA,0,0,Dermo,A4_CviMVP_PlDNA_1_SG_1395_7c3f2e88,CviMVP_11252,Sister_Lk_LA_2022-8-9,20,A4_CviMVP_PlDNA_1_SG_1395_7c3f2e88,6_A4_CviMVP_PlDNA_1_SG_1395_7c3f2e88_Dermo,1,NA,Negative,FALSE,0,0,Negative,0
6,B03,FAM,Unkn-02,25.54,25.62,1e-05,Dermo,B1_CviMVP_PlDNA_1_SG_1622_8952d237,CviMVP_11906,SawIs_MA_2022-9-5,19,B1_CviMVP_PlDNA_1_SG_1622_8952d237,6_B1_CviMVP_PlDNA_1_SG_1622_8952d237_Dermo,1,0.16,Positive,FALSE,3670.250526,2,Positive,1
6,B05,FAM,Unkn-10,34.56,35.25,0,Dermo,B2_CviMVP_PlDNA_1_SG_1451_5767505c,CviMVP_11405,Cal_Lake_LA_2022-8-11,21,B2_CviMVP_PlDNA_1_SG_1451_5767505c,6_B2_CviMVP_PlDNA_1_SG_1451_5767505c_Dermo,1,1.39,Positive,FALSE,0,0,Positive,1
6,B07,FAM,Unkn-18,28.3,28.27,0,Dermo,B3_CviMVP_PlDNA_1_SG_1231_b33de568,CviMVP_10775,CC_VA_2022-7-11,21,B3_CviMVP_PlDNA_1_SG_1231_b33de568,6_B3_CviMVP_PlDNA_1_SG_1231_b33de568_Dermo,1,0.07,Positive,FALSE,0,0,Positive,1
6,B09,FAM,Unkn-26,34.98,34.86,0,Dermo,C4_CviMVP_PlDNA_1_SG_1241_ec5d53a6,CviMVP_10804,CC_VA_2022-7-11,19,C4_CviMVP_PlDNA_1_SG_1241_ec5d53a6,6_C4_CviMVP_PlDNA_1_SG_1241_ec5d53a6_Dermo,1,0.24,Positive,FALSE,0,0,Positive,1
6,B11,FAM,Unkn-33,28.56,28.72,0,Dermo,A5_CviMVP_PlDNA_1_SG_1439_4d1e45dd,CviMVP_11370,Cal_Lake_LA_2022-8-11,21,A5_CviMVP_PlDNA_1_SG_1439_4d1e45dd,6_A5_CviMVP_PlDNA_1_SG_1439_4d1e45dd_Dermo,1,0.32,Positive,FALSE,0,0,Positive,1
6,C03,FAM,Unkn-03,28.42,28.4,0,Dermo,C1_CviMVP_PlDNA_1_SG_1120_814ca307,CviMVP_10486,CB_TX_2022-6-9,22,C1_CviMVP_PlDNA_1_SG_1120_814ca307,6_C1_CviMVP_PlDNA_1_SG_1120_814ca307_Dermo,1,0.04,Positive,FALSE,0,0,Positive,1
6,C05,FAM,Unkn-11,22.38,22.45,6e-05,Dermo,C2_CviMVP_PlDNA_1_SG_1603_f868f1b7,CviMVP_11850,SawIs_MA_2022-9-5,21,C2_CviMVP_PlDNA_1_SG_1603_f868f1b7,6_C2_CviMVP_PlDNA_1_SG_1603_f868f1b7_Dermo,1,0.14,Positive,FALSE,19924.21714,3,Positive,3
6,C07,FAM,Unkn-19,NA,0,0,Dermo,C3_CviMVP_PlDNA_1_SG_1397_c67e0a12,CviMVP_11258,Sister_Lk_LA_2022-8-9,19,C3_CviMVP_PlDNA_1_SG_1397_c67e0a12,6_C3_CviMVP_PlDNA_1_SG_1397_c67e0a12_Dermo,1,NA,Negative,FALSE,0,0,Negative,0
6,C09,FAM,Unkn-27,31.35,31.52,0,Dermo,D4_CviMVP_PlDNA_1_SG_1430_2848cce4,CviMVP_11343,Cal_Lake_LA_2022-8-11,21,D4_CviMVP_PlDNA_1_SG_1430_2848cce4,6_D4_CviMVP_PlDNA_1_SG_1430_2848cce4_Dermo,1,0.35,Positive,FALSE,0,0,Positive,1
6,C11,FAM,Unkn-34,23.18,22.97,4e-05,Dermo,B5_CviMVP_PlDNA_1_SG_1438_ef798fa4,CviMVP_11367,Cal_Lake_LA_2022-8-11,19,B5_CviMVP_PlDNA_1_SG_1438_ef798fa4,6_B5_CviMVP_PlDNA_1_SG_1438_ef798fa4_Dermo,1,0.43,Positive,FALSE,14681.00211,3,Positive,3
6,D03,FAM,Unkn-04,24.16,24.16,2e-05,Dermo,D1_CviMVP_PlDNA_1_SG_1463_32cff799,CviMVP_11440,SR_GB_NH_2022-8-12,21,D1_CviMVP_PlDNA_1_SG_1463_32cff799,6_D1_CviMVP_PlDNA_1_SG_1463_32cff799_Dermo,1,0.01,Positive,FALSE,6641.405714,2,Positive,2
6,D05,FAM,Unkn-12,NA,0,0,Dermo,D2_CviMVP_PlDNA_1_SG_1393_6e3e8ad0,CviMVP_11246,Sister_Lk_LA_2022-8-9,20,D2_CviMVP_PlDNA_1_SG_1393_6e3e8ad0,6_D2_CviMVP_PlDNA_1_SG_1393_6e3e8ad0_Dermo,1,NA,Negative,FALSE,0,0,Negative,0
6,D07,FAM,Unkn-20,NA,0,0,Dermo,D3_CviMVP_PlDNA_1_SG_1446_7577ead5,CviMVP_11391,Cal_Lake_LA_2022-8-11,21,D3_CviMVP_PlDNA_1_SG_1446_7577ead5,6_D3_CviMVP_PlDNA_1_SG_1446_7577ead5_Dermo,1,NA,Negative,FALSE,0,0,Negative,0
6,D09,FAM,Unkn-28,34.42,34.33,0,Dermo,E4_CviMVP_PlDNA_1_SG_1126_c5ba762d,CviMVP_10498,CB_TX_2022-6-9,19,E4_CviMVP_PlDNA_1_SG_1126_c5ba762d,6_E4_CviMVP_PlDNA_1_SG_1126_c5ba762d_Dermo,1,0.18,Positive,FALSE,0,0,Positive,1
6,D11,FAM,Unkn-35,35.63,35.26,0,Dermo,C5_CviMVP_PlDNA_1_SG_1886_e867e0c6,CviMVP_12681,DC_DR_ME_2022-10-25,20,C5_CviMVP_PlDNA_1_SG_1886_e867e0c6,6_C5_CviMVP_PlDNA_1_SG_1886_e867e0c6_Dermo,1,0.73,Positive,FALSE,0,0,Positive,1
6,E05,FAM,Unkn-13,28.54,28.55,0,Dermo,E2_CviMVP_PlDNA_1_SG_1624_f59660b5,CviMVP_11912,SawIs_MA_2022-9-5,20,E2_CviMVP_PlDNA_1_SG_1624_f59660b5,6_E2_CviMVP_PlDNA_1_SG_1624_f59660b5_Dermo,1,0.02,Positive,FALSE,0,0,Positive,1
6,E07,FAM,Unkn-21,30.73,30.78,0,Dermo,E3_CviMVP_PlDNA_1_SG_1457_1069de49,CviMVP_11423,SR_GB_NH_2022-8-12,18,E3_CviMVP_PlDNA_1_SG_1457_1069de49,6_E3_CviMVP_PlDNA_1_SG_1457_1069de49_Dermo,1,0.11,Positive,FALSE,0,0,Positive,1
6,E09,FAM,Unkn-29,NA,0,0,Dermo,F4_CviMVP_PlDNA_1_SG_1378_32091231,CviMVP_11202,Sister_Lk_LA_2022-8-9,20,F4_CviMVP_PlDNA_1_SG_1378_32091231,6_F4_CviMVP_PlDNA_1_SG_1378_32091231_Dermo,1,NA,Negative,FALSE,0,0,Negative,0
6,E11,FAM,Unkn-36,37.2,36.8,0,Dermo,D5_CviMVP_PlDNA_1_SG_1570_998e65c4,CviMVP_11758,KP_FGR_FL_2022-8-23,20,D5_CviMVP_PlDNA_1_SG_1570_998e65c4,6_D5_CviMVP_PlDNA_1_SG_1570_998e65c4_Dermo,1,0.81,Positive,FALSE,0,0,Positive,1
6,F03,FAM,Unkn-06,28.16,27.96,0,Dermo,F1_CviMVP_PlDNA_1_SG_1605_a0a8cbba,CviMVP_11856,SawIs_MA_2022-9-5,20,F1_CviMVP_PlDNA_1_SG_1605_a0a8cbba,6_F1_CviMVP_PlDNA_1_SG_1605_a0a8cbba_Dermo,1,0.41,Positive,FALSE,0,0,Positive,1
6,F05,FAM,Unkn-14,NA,0,0,Dermo,F2_CviMVP_PlDNA_1_SG_1394_cd8aba4f,CviMVP_11249,Sister_Lk_LA_2022-8-9,20,F2_CviMVP_PlDNA_1_SG_1394_cd8aba4f,6_F2_CviMVP_PlDNA_1_SG_1394_cd8aba4f_Dermo,1,NA,Negative,FALSE,0,0,Negative,0
6,F07,FAM,Unkn-22,23.94,23.98,3e-05,Dermo,G3_CviMVP_PlDNA_1_SG.sharedLotterhosPuritz_1750_c3f4dbef,CviMVP_12282,DWS_CB_VA_2022-10-7,18,G3_CviMVP_PlDNA_1_SG.sharedLotterhosPuritz_1750_c3f4dbef,6_G3_CviMVP_PlDNA_1_SG.sharedLotterhosPuritz_1750_c3f4dbef_Dermo,1,0.08,Positive,FALSE,11622.46,3,Positive,2
6,F09,FAM,Unkn-30,31.15,31.18,0,Dermo,G4_CviMVP_PlDNA_1_SG_1434_384f3ae3,CviMVP_11364,Cal_Lake_LA_2022-8-11,21,G4_CviMVP_PlDNA_1_SG_1434_384f3ae3,6_G4_CviMVP_PlDNA_1_SG_1434_384f3ae3_Dermo,1,0.05,Positive,FALSE,0,0,Positive,1
6,F11,FAM,Unkn-37,28.59,28.36,0,Dermo,E5_CviMVP_PlDNA_1_SG_1474_bce74bb8,CviMVP_11472,SR_GB_NH_2022-8-12,22,E5_CviMVP_PlDNA_1_SG_1474_bce74bb8,6_E5_CviMVP_PlDNA_1_SG_1474_bce74bb8_Dermo,1,0.47,Positive,FALSE,0,0,Positive,1
6,G05,FAM,Unkn-15,25.65,25.68,1e-05,Dermo,G2_CviMVP_PlDNA_1_SG_1460_2e2fcbcb,CviMVP_11431,SR_GB_NH_2022-8-12,22,G2_CviMVP_PlDNA_1_SG_1460_2e2fcbcb,6_G2_CviMVP_PlDNA_1_SG_1460_2e2fcbcb_Dermo,1,0.05,Positive,FALSE,3169.761818,2,Positive,1
6,G07,FAM,Unkn-23,NA,0,0,Dermo,H3_CviMVP_PlDNA_1_SG_1586_8fe62d94,CviMVP_11799,KP_FGR_FL_2022-8-23,21,H3_CviMVP_PlDNA_1_SG_1586_8fe62d94,6_H3_CviMVP_PlDNA_1_SG_1586_8fe62d94_Dermo,1,NA,Negative,FALSE,0,0,Negative,0
6,G09,FAM,Unkn-31,31.65,31.88,0,Dermo,H4_CviMVP_PlDNA_1_SG_1450_eda1774a,CviMVP_11402,Cal_Lake_LA_2022-8-11,20,H4_CviMVP_PlDNA_1_SG_1450_eda1774a,6_H4_CviMVP_PlDNA_1_SG_1450_eda1774a_Dermo,1,0.46,Positive,FALSE,0,0,Positive,1
6,H03,FAM,Unkn-08,28.53,28.64,0,Dermo,H1_CviMVP_PlDNA_1_SG_1611_a218009b,CviMVP_11873,SawIs_MA_2022-9-5,21,H1_CviMVP_PlDNA_1_SG_1611_a218009b,6_H1_CviMVP_PlDNA_1_SG_1611_a218009b_Dermo,1,0.22,Positive,FALSE,0,0,Positive,1
6,H05,FAM,Unkn-16,33.51,33.62,0,Dermo,H2_CviMVP_PlDNA_1_SG_1253_50c2953b,CviMVP_10839,CC_VA_2022-7-11,22,H2_CviMVP_PlDNA_1_SG_1253_50c2953b,6_H2_CviMVP_PlDNA_1_SG_1253_50c2953b_Dermo,1,0.22,Positive,FALSE,0,0,Positive,1
6,H07,FAM,Unkn-24,24.07,24.1,2e-05,Dermo,F5_CviMVP_PlDNA_1_SG_1381_205acadd,CviMVP_11211,Sister_Lk_LA_2022-8-9,21,F5_CviMVP_PlDNA_1_SG_1381_205acadd,6_F5_CviMVP_PlDNA_1_SG_1381_205acadd_Dermo,1,0.07,Positive,FALSE,6641.405714,2,Positive,2
6,H09,FAM,Unkn-32,31.18,31.43,0,Dermo,G5_CviMVP_PlDNA_1_SG_1121_e44e1e24,CviMVP_10488,CB_TX_2022-6-9,18,G5_CviMVP_PlDNA_1_SG_1121_e44e1e24,6_G5_CviMVP_PlDNA_1_SG_1121_e44e1e24_Dermo,1,0.49,Positive,FALSE,0,0,Positive,1
7,A03,FAM,Unkn-01,NA,0,0,Dermo,A6_CviMVP_PlDNA_1_SG_1390_c6755537,CviMVP_11237,Sister_Lk_LA_2022-8-9,20,A6_CviMVP_PlDNA_1_SG_1390_c6755537,7_A6_CviMVP_PlDNA_1_SG_1390_c6755537_Dermo,1,NA,Negative,FALSE,0,0,Negative,0
7,A07,FAM,Unkn-17,38.62,38,0,Dermo,A8_CviMVP_PlDNA_1_SG.sharedLotterhosPuritz_1756_8d5b0131,CviMVP_12300,DWS_CB_VA_2022-10-7,21,A8_CviMVP_PlDNA_1_SG.sharedLotterhosPuritz_1756_8d5b0131,7_A8_CviMVP_PlDNA_1_SG.sharedLotterhosPuritz_1756_8d5b0131_Dermo,1,1.25,Positive,FALSE,0,0,Negative,0
7,A09,FAM,Unkn-25,35.13,34.64,0,Dermo,A9_CviMVP_PlDNA_1_SG.sharedLotterhosPuritz_1766_b03cf183,CviMVP_12330,DWS_CB_VA_2022-10-7,20,A9_CviMVP_PlDNA_1_SG.sharedLotterhosPuritz_1766_b03cf183,7_A9_CviMVP_PlDNA_1_SG.sharedLotterhosPuritz_1766_b03cf183_Dermo,1,0.99,Positive,FALSE,0,0,Positive,1
7,B03,FAM,Unkn-02,32.72,32.93,0,Dermo,B6_CviMVP_PlDNA_1_SG_1473_6075f53c,CviMVP_11469,SR_GB_NH_2022-8-12,21,B6_CviMVP_PlDNA_1_SG_1473_6075f53c,7_B6_CviMVP_PlDNA_1_SG_1473_6075f53c_Dermo,1,0.42,Positive,FALSE,0,0,Positive,1
7,B05,FAM,Unkn-10,26.23,26.37,0,Dermo,B7_CviMVP_PlDNA_1_SG_1468_2e2613cd,CviMVP_11454,SR_GB_NH_2022-8-12,20,B7_CviMVP_PlDNA_1_SG_1468_2e2613cd,7_B7_CviMVP_PlDNA_1_SG_1468_2e2613cd_Dermo,1,0.29,Positive,FALSE,0,0,Positive,1
7,B07,FAM,Unkn-18,27.02,26.95,0,Dermo,B8_CviMVP_PlDNA_1_SG_1618_409fae3a,CviMVP_11894,SawIs_MA_2022-9-5,18,B8_CviMVP_PlDNA_1_SG_1618_409fae3a,7_B8_CviMVP_PlDNA_1_SG_1618_409fae3a_Dermo,1,0.15,Positive,FALSE,0,0,Positive,1
7,B09,FAM,Unkn-26,26.07,25.65,1e-05,Dermo,B9_CviMVP_PlDNA_1_SG_1238_3f7ed135,CviMVP_10796,CC_VA_2022-7-11,18,B9_CviMVP_PlDNA_1_SG_1238_3f7ed135,7_B9_CviMVP_PlDNA_1_SG_1238_3f7ed135_Dermo,1,0.84,Positive,FALSE,3874.153333,2,Positive,1
7,B11,FAM,Unkn-33,31.59,31.62,0,Dermo,A10_CviMVP_PlDNA_1_SG_1127_5d911985,CviMVP_10500,CB_TX_2022-6-9,19,A10_CviMVP_PlDNA_1_SG_1127_5d911985,7_A10_CviMVP_PlDNA_1_SG_1127_5d911985_Dermo,1,0.05,Positive,FALSE,0,0,Positive,1
7,C05,FAM,Unkn-11,24.07,24.13,1e-05,Dermo,C7_CviMVP_PlDNA_1_SG_1600_f7161c05,CviMVP_11841,SawIs_MA_2022-9-5,22,C7_CviMVP_PlDNA_1_SG_1600_f7161c05,7_C7_CviMVP_PlDNA_1_SG_1600_f7161c05_Dermo,1,0.13,Positive,FALSE,3169.761818,2,Positive,2
7,C07,FAM,Unkn-19,31.26,31.22,0,Dermo,C8_CviMVP_PlDNA_1_SG_1249_ea2bc1d7,CviMVP_10828,CC_VA_2022-7-11,18,C8_CviMVP_PlDNA_1_SG_1249_ea2bc1d7,7_C8_CviMVP_PlDNA_1_SG_1249_ea2bc1d7_Dermo,1,0.07,Positive,FALSE,0,0,Positive,1
7,C09,FAM,Unkn-27,26.43,26.26,0,Dermo,C9_CviMVP_PlDNA_1_SG_1574_143671d4,CviMVP_11768,KP_FGR_FL_2022-8-23,18,C9_CviMVP_PlDNA_1_SG_1574_143671d4,7_C9_CviMVP_PlDNA_1_SG_1574_143671d4_Dermo,1,0.34,Positive,FALSE,0,0,Positive,1
7,D05,FAM,Unkn-12,28.54,28.29,0,Dermo,D7_CviMVP_PlDNA_1_SG_1255_9a84394e,CviMVP_10843,CC_VA_2022-7-11,18,D7_CviMVP_PlDNA_1_SG_1255_9a84394e,7_D7_CviMVP_PlDNA_1_SG_1255_9a84394e_Dermo,1,0.49,Positive,FALSE,0,0,Positive,1
7,D07,FAM,Unkn-20,NA,0,0,Dermo,D8_CviMVP_PlDNA_1_SG.sharedLotterhosPuritz_1765_64714308,CviMVP_12327,DWS_CB_VA_2022-10-7,21,D8_CviMVP_PlDNA_1_SG.sharedLotterhosPuritz_1765_64714308,7_D8_CviMVP_PlDNA_1_SG.sharedLotterhosPuritz_1765_64714308_Dermo,1,NA,Negative,FALSE,0,0,Negative,0
7,D09,FAM,Unkn-28,32.63,32.61,0,Dermo,D9_CviMVP_PlDNA_1_SG_1461_0baeb3eb,CviMVP_11434,SR_GB_NH_2022-8-12,20,D9_CviMVP_PlDNA_1_SG_1461_0baeb3eb,7_D9_CviMVP_PlDNA_1_SG_1461_0baeb3eb_Dermo,1,0.04,Positive,FALSE,0,0,Positive,1
7,D11,FAM,Unkn-35,NA,0,0,Dermo,C10_CviMVP_PlDNA_1_SG_1386_3505dd4f,CviMVP_11225,Sister_Lk_LA_2022-8-9,20,C10_CviMVP_PlDNA_1_SG_1386_3505dd4f,7_C10_CviMVP_PlDNA_1_SG_1386_3505dd4f_Dermo,1,NA,Negative,FALSE,0,0,Negative,0
7,E03,FAM,Unkn-05,NA,0,0,Dermo,E6_CviMVP_PlDNA_1_SG_1392_6133f015,CviMVP_11243,Sister_Lk_LA_2022-8-9,22,E6_CviMVP_PlDNA_1_SG_1392_6133f015,7_E6_CviMVP_PlDNA_1_SG_1392_6133f015_Dermo,1,NA,Negative,FALSE,0,0,Negative,0
7,E05,FAM,Unkn-13,NA,0,0,Dermo,E7_CviMVP_PlDNA_1_SG.sharedLotterhosPuritz_1764_ea467efb,CviMVP_12324,DWS_CB_VA_2022-10-7,22,E7_CviMVP_PlDNA_1_SG.sharedLotterhosPuritz_1764_ea467efb,7_E7_CviMVP_PlDNA_1_SG.sharedLotterhosPuritz_1764_ea467efb_Dermo,1,NA,Negative,FALSE,0,0,Negative,0
7,E07,FAM,Unkn-21,38.38,38.39,0,Dermo,E8_CviMVP_PlDNA_1_SG_1376_66a62dfd,CviMVP_11196,Sister_Lk_LA_2022-8-9,19,E8_CviMVP_PlDNA_1_SG_1376_66a62dfd,7_E8_CviMVP_PlDNA_1_SG_1376_66a62dfd_Dermo,1,0.01,Positive,FALSE,0,0,Negative,0
7,F03,FAM,Unkn-06,NA,0,0,Dermo,F6_CviMVP_PlDNA_1_SG_1881_ef2db062,CviMVP_12666,DC_DR_ME_2022-10-25,19,F6_CviMVP_PlDNA_1_SG_1881_ef2db062,7_F6_CviMVP_PlDNA_1_SG_1881_ef2db062_Dermo,1,NA,Negative,FALSE,0,0,Negative,0
7,F07,FAM,Unkn-22,29.75,29.53,0,Dermo,F8_CviMVP_PlDNA_1_SG_1598_f41672fb,CviMVP_11835,KP_FGR_FL_2022-8-23,18,F8_CviMVP_PlDNA_1_SG_1598_f41672fb,7_F8_CviMVP_PlDNA_1_SG_1598_f41672fb_Dermo,1,0.44,Positive,FALSE,0,0,Positive,1
7,F11,FAM,Unkn-37,NA,0,0,Dermo,E10_CviMVP_PlDNA_1_SG_1877_f2d87033,CviMVP_12655,DC_DR_ME_2022-10-25,22,E10_CviMVP_PlDNA_1_SG_1877_f2d87033,7_E10_CviMVP_PlDNA_1_SG_1877_f2d87033_Dermo,1,NA,Negative,FALSE,0,0,Negative,0
7,G03,FAM,Unkn-07,27.57,27.66,0,Dermo,G6_CviMVP_PlDNA_1_SG_1608_de738593,CviMVP_11864,SawIs_MA_2022-9-5,20,G6_CviMVP_PlDNA_1_SG_1608_de738593,7_G6_CviMVP_PlDNA_1_SG_1608_de738593_Dermo,1,0.18,Positive,FALSE,0,0,Positive,1
7,G05,FAM,Unkn-15,29.08,29.12,0,Dermo,G7_CviMVP_PlDNA_1_SG_1575_5d10637a,CviMVP_11771,KP_FGR_FL_2022-8-23,20,G7_CviMVP_PlDNA_1_SG_1575_5d10637a,7_G7_CviMVP_PlDNA_1_SG_1575_5d10637a_Dermo,1,0.08,Positive,FALSE,0,0,Positive,1
7,G07,FAM,Unkn-23,NA,0,0,Dermo,G8_CviMVP_PlDNA_1_SG_1874_7a55697c,CviMVP_12646,DC_DR_ME_2022-10-25,18,G8_CviMVP_PlDNA_1_SG_1874_7a55697c,7_G8_CviMVP_PlDNA_1_SG_1874_7a55697c_Dermo,1,NA,Negative,FALSE,0,0,Negative,0
7,G09,FAM,Unkn-31,35.37,35.17,0,Dermo,G9_CviMVP_PlDNA_1_SG_1869_68d9f8dc,CviMVP_12631,DC_DR_ME_2022-10-25,20,G9_CviMVP_PlDNA_1_SG_1869_68d9f8dc,7_G9_CviMVP_PlDNA_1_SG_1869_68d9f8dc_Dermo,1,0.41,Positive,FALSE,0,0,Positive,1
7,H03,FAM,Unkn-08,33.49,33.65,0,Dermo,H6_CviMVP_PlDNA_1_SG_1569_7b632b7c,CviMVP_11755,KP_FGR_FL_2022-8-23,18,H6_CviMVP_PlDNA_1_SG_1569_7b632b7c,7_H6_CviMVP_PlDNA_1_SG_1569_7b632b7c_Dermo,1,0.32,Positive,FALSE,0,0,Positive,1
7,H05,FAM,Unkn-16,NA,0,0,Dermo,H7_CviMVP_PlDNA_1_SG_1879_18c16562,CviMVP_12661,DC_DR_ME_2022-10-25,22,H7_CviMVP_PlDNA_1_SG_1879_18c16562,7_H7_CviMVP_PlDNA_1_SG_1879_18c16562_Dermo,1,NA,Negative,FALSE,0,0,Negative,0
7,H07,FAM,Unkn-24,23.34,23.25,2e-05,Dermo,H8_CviMVP_PlDNA_1_SG_1455_e05c4f6d,CviMVP_11417,Cal_Lake_LA_2022-8-11,19,H8_CviMVP_PlDNA_1_SG_1455_e05c4f6d,7_H8_CviMVP_PlDNA_1_SG_1455_e05c4f6d_Dermo,1,0.18,Positive,FALSE,7340.501053,2,Positive,2
8,A03,FAM,Unkn-01,NA,0,0,Dermo,A11_CviMVP_PlDNA_1_SG.sharedLotterhosPuritz_1751_bc382cb1,CviMVP_12285,DWS_CB_VA_2022-10-7,22,A11_CviMVP_PlDNA_1_SG.sharedLotterhosPuritz_1751_bc382cb1,8_A11_CviMVP_PlDNA_1_SG.sharedLotterhosPuritz_1751_bc382cb1_Dermo,1,NA,Negative,FALSE,0,0,Negative,0
8,A05,FAM,Unkn-09,26.3,26.27,0,Dermo,A12_CviMVP_PlDNA_1_SG_1258_b240dd80,CviMVP_10851,CC_VA_2022-7-11,20,A12_CviMVP_PlDNA_1_SG_1258_b240dd80,8_A12_CviMVP_PlDNA_1_SG_1258_b240dd80_Dermo,1,0.06,Positive,FALSE,0,0,Positive,1
8,A07,FAM,Unkn-17,22.13,22.13,3e-05,Dermo,H1_CviMVP_PlDNA_2_SG_1581_5b837c25,CviMVP_11786,KP_FGR_FL_2022-8-23,21,H1_CviMVP_PlDNA_2_SG_1581_5b837c25,8_H1_CviMVP_PlDNA_2_SG_1581_5b837c25_Dermo,1,0.01,Positive,FALSE,9962.108571,2,Positive,3
8,A09,FAM,Unkn-25,37.13,37.18,0,Dermo,A2_CviMVP_PlDNA_2_SG_1687_c7405305,CviMVP_12099,EelLake_Canada_2022-9-27,20,A2_CviMVP_PlDNA_2_SG_1687_c7405305,8_A2_CviMVP_PlDNA_2_SG_1687_c7405305_Dermo,1,0.1,Positive,FALSE,0,0,Negative,0
8,B03,FAM,Unkn-02,NA,0,0,Dermo,B11_CviMVP_PlDNA_1_SG_1431_c83e8d48,CviMVP_11349,Cal_Lake_LA_2022-8-11,19,B11_CviMVP_PlDNA_1_SG_1431_c83e8d48,8_B11_CviMVP_PlDNA_1_SG_1431_c83e8d48_Dermo,1,NA,Negative,FALSE,0,0,Negative,0
8,B05,FAM,Unkn-10,29.02,28.99,0,Dermo,B12_CviMVP_PlDNA_1_SG_1573_b976a26c,CviMVP_11765,KP_FGR_FL_2022-8-23,21,B12_CviMVP_PlDNA_1_SG_1573_b976a26c,8_B12_CviMVP_PlDNA_1_SG_1573_b976a26c_Dermo,1,0.06,Positive,FALSE,0,0,Positive,1
8,B07,FAM,Unkn-18,26.96,26.97,0,Dermo,G1_CviMVP_PlDNA_2_SG_1049_2c29990f,CviMVP_10298,OL_MI_SC_2022-5-31,20,G1_CviMVP_PlDNA_2_SG_1049_2c29990f,8_G1_CviMVP_PlDNA_2_SG_1049_2c29990f_Dermo,1,0.02,Positive,FALSE,0,0,Positive,1
8,B09,FAM,Unkn-26,25.4,25.37,0,Dermo,C2_CviMVP_PlDNA_2_SG_1334_394cabff,CviMVP_11071,Mer_GA_2022-7-26,18,C2_CviMVP_PlDNA_2_SG_1334_394cabff,8_C2_CviMVP_PlDNA_2_SG_1334_394cabff_Dermo,1,0.07,Positive,FALSE,0,0,Positive,1
8,B11,FAM,Unkn-33,32.66,32.5,0,Dermo,F10_CviMVP_PlDNA_1_SG_1613_b2783401,CviMVP_11879,SawIs_MA_2022-9-5,18,F10_CviMVP_PlDNA_1_SG_1613_b2783401,8_F10_CviMVP_PlDNA_1_SG_1613_b2783401_Dermo,1,0.31,Positive,FALSE,0,0,Positive,1
8,C03,FAM,Unkn-03,29.87,29.87,0,Dermo,C11_CviMVP_PlDNA_1_SG_1583_4093d9eb,CviMVP_11791,KP_FGR_FL_2022-8-23,19,C11_CviMVP_PlDNA_1_SG_1583_4093d9eb,8_C11_CviMVP_PlDNA_1_SG_1583_4093d9eb_Dermo,1,0,Positive,FALSE,0,0,Positive,1
8,C05,FAM,Unkn-11,23.03,23.04,2e-05,Dermo,C12_CviMVP_PlDNA_1_SG_1610_aa188751,CviMVP_11870,SawIs_MA_2022-9-5,20,C12_CviMVP_PlDNA_1_SG_1610_aa188751,8_C12_CviMVP_PlDNA_1_SG_1610_aa188751_Dermo,1,0.01,Positive,FALSE,6973.476,2,Positive,2
8,C09,FAM,Unkn-27,38.57,39.23,0,Dermo,D2_CviMVP_PlDNA_2_SG_1219_418ed3df,CviMVP_10741,TP_TX_2022-6-28,20,D2_CviMVP_PlDNA_2_SG_1219_418ed3df,8_D2_CviMVP_PlDNA_2_SG_1219_418ed3df_Dermo,1,1.31,Positive,FALSE,0,0,Negative,0
8,C11,FAM,Unkn-34,26.73,26.49,0,Dermo,G10_CviMVP_PlDNA_1_SG_1115_167ef2dd,CviMVP_10475,CB_TX_2022-6-9,20,G10_CviMVP_PlDNA_1_SG_1115_167ef2dd,8_G10_CviMVP_PlDNA_1_SG_1115_167ef2dd_Dermo,1,0.48,Positive,FALSE,0,0,Positive,1
8,D03,FAM,Unkn-04,26.44,26.48,0,Dermo,D11_CviMVP_PlDNA_1_SG_1229_59b34b24,CviMVP_10769,CC_VA_2022-7-11,21,D11_CviMVP_PlDNA_1_SG_1229_59b34b24,8_D11_CviMVP_PlDNA_1_SG_1229_59b34b24_Dermo,1,0.08,Positive,FALSE,0,0,Positive,1
8,D05,FAM,Unkn-12,NA,0,0,Dermo,D12_CviMVP_PlDNA_1_SG_1891_20df4068,CviMVP_12695,DC_DR_ME_2022-10-25,21,D12_CviMVP_PlDNA_1_SG_1891_20df4068,8_D12_CviMVP_PlDNA_1_SG_1891_20df4068_Dermo,1,NA,Negative,FALSE,0,0,Negative,0
8,D07,FAM,Unkn-20,NA,0,0,Dermo,E1_CviMVP_PlDNA_2_SG_1629_d7b6cad8,CviMVP_11927,SaltBay_Canada_2022-9-27,18,E1_CviMVP_PlDNA_2_SG_1629_d7b6cad8,8_E1_CviMVP_PlDNA_2_SG_1629_d7b6cad8_Dermo,1,NA,Negative,FALSE,0,0,Negative,0
8,D09,FAM,Unkn-28,NA,0,0,Dermo,F2_CviMVP_PlDNA_2_SG_1664_a2a4720a,CviMVP_12031,EelLake_Canada_2022-9-27,18,F2_CviMVP_PlDNA_2_SG_1664_a2a4720a,8_F2_CviMVP_PlDNA_2_SG_1664_a2a4720a_Dermo,1,NA,Negative,FALSE,0,0,Negative,0
8,E05,FAM,Unkn-13,NA,0,0,Dermo,E12_CviMVP_PlDNA_1_SG_1894_fdb855b9,CviMVP_12704,DC_DR_ME_2022-10-25,21,E12_CviMVP_PlDNA_1_SG_1894_fdb855b9,8_E12_CviMVP_PlDNA_1_SG_1894_fdb855b9_Dermo,1,NA,Negative,FALSE,0,0,Negative,0
8,E07,FAM,Unkn-21,28.04,28.02,0,Dermo,D1_CviMVP_PlDNA_2_SG_1215_3fb7a765,CviMVP_10730,TP_TX_2022-6-28,20,D1_CviMVP_PlDNA_2_SG_1215_3fb7a765,8_D1_CviMVP_PlDNA_2_SG_1215_3fb7a765_Dermo,1,0.04,Positive,FALSE,0,0,Positive,1
8,E09,FAM,Unkn-29,NA,0,0,Dermo,G2_CviMVP_PlDNA_2_SG_1674_8114fa71,CviMVP_12061,EelLake_Canada_2022-9-27,18,G2_CviMVP_PlDNA_2_SG_1674_8114fa71,8_G2_CviMVP_PlDNA_2_SG_1674_8114fa71_Dermo,1,NA,Negative,FALSE,0,0,Negative,0
8,E11,FAM,Unkn-36,22.57,22.51,2e-05,Dermo,H5_CviMVP_PlDNA_1_SG_1582_4d5c48a7,CviMVP_11788,KP_FGR_FL_2022-8-23,21,H5_CviMVP_PlDNA_1_SG_1582_4d5c48a7,8_H5_CviMVP_PlDNA_1_SG_1582_4d5c48a7_Dermo,1,0.11,Positive,FALSE,6641.405714,2,Positive,3
8,F03,FAM,Unkn-06,NA,0,0,Dermo,F11_CviMVP_PlDNA_1_SG_1607_b581eaa9,CviMVP_11861,SawIs_MA_2022-9-5,19,F11_CviMVP_PlDNA_1_SG_1607_b581eaa9,8_F11_CviMVP_PlDNA_1_SG_1607_b581eaa9_Dermo,1,NA,Negative,FALSE,0,0,Negative,0
8,F05,FAM,Unkn-14,NA,0,0,Dermo,F12_CviMVP_PlDNA_1_SG_1884_2e4c4b0b,CviMVP_12675,DC_DR_ME_2022-10-25,20,F12_CviMVP_PlDNA_1_SG_1884_2e4c4b0b,8_F12_CviMVP_PlDNA_1_SG_1884_2e4c4b0b_Dermo,1,NA,Negative,FALSE,0,0,Negative,0
8,F07,FAM,Unkn-22,NA,0,0,Dermo,C1_CviMVP_PlDNA_2_SG_1048_9831ca6e,CviMVP_10295,OL_MI_SC_2022-5-31,22,C1_CviMVP_PlDNA_2_SG_1048_9831ca6e,8_C1_CviMVP_PlDNA_2_SG_1048_9831ca6e_Dermo,1,NA,Negative,FALSE,0,0,Negative,0
8,F09,FAM,Unkn-30,27.39,27.31,0,Dermo,H2_CviMVP_PlDNA_2_SG_1696_9e0ab92a,CviMVP_12124,SaLa_GA_2022-10-5,22,H2_CviMVP_PlDNA_2_SG_1696_9e0ab92a,8_H2_CviMVP_PlDNA_2_SG_1696_9e0ab92a_Dermo,1,0.16,Positive,FALSE,0,0,Positive,1
8,F11,FAM,Unkn-37,NA,0,0,Dermo,B3_CviMVP_PlDNA_2_SG_1823_b35e54f9,CviMVP_12500,PrEdIs_CN_A_2022-10-18,19,B3_CviMVP_PlDNA_2_SG_1823_b35e54f9,8_B3_CviMVP_PlDNA_2_SG_1823_b35e54f9_Dermo,1,NA,Negative,FALSE,0,0,Negative,0
8,G05,FAM,Unkn-15,32.81,32.79,0,Dermo,G12_CviMVP_PlDNA_1_SG_1458_f3ca3ad9,CviMVP_11426,SR_GB_NH_2022-8-12,20,G12_CviMVP_PlDNA_1_SG_1458_f3ca3ad9,8_G12_CviMVP_PlDNA_1_SG_1458_f3ca3ad9_Dermo,1,0.04,Positive,FALSE,0,0,Positive,1
8,G07,FAM,Unkn-23,NA,0,0,Dermo,B1_CviMVP_PlDNA_2_SG_1912_e0a59721,CviMVP_12756,Orrs_Cove_ME_2022-10-31,22,B1_CviMVP_PlDNA_2_SG_1912_e0a59721,8_B1_CviMVP_PlDNA_2_SG_1912_e0a59721_Dermo,1,NA,Negative,FALSE,0,0,Negative,0
8,G09,FAM,Unkn-31,26.74,26.61,0,Dermo,D3_CviMVP_PlDNA_2_SG.sharedLotterhosPuritz_1519_a6d73b27,CviMVP_11606,DC_NB_RI_2022-8-19,20,D3_CviMVP_PlDNA_2_SG.sharedLotterhosPuritz_1519_a6d73b27,8_D3_CviMVP_PlDNA_2_SG.sharedLotterhosPuritz_1519_a6d73b27_Dermo,1,0.26,Positive,FALSE,0,0,Positive,1
8,H03,FAM,Unkn-08,NA,0,0,Dermo,H11_CviMVP_PlDNA_1_SG.sharedLotterhosPuritz_1774_28c4bb0c,CviMVP_12354,DWS_CB_VA_2022-10-7,21,H11_CviMVP_PlDNA_1_SG.sharedLotterhosPuritz_1774_28c4bb0c,8_H11_CviMVP_PlDNA_1_SG.sharedLotterhosPuritz_1774_28c4bb0c_Dermo,1,NA,Negative,FALSE,0,0,Negative,0
8,H05,FAM,Unkn-16,NA,0,0,Dermo,H12_CviMVP_PlDNA_1_SG_1383_ef032876,CviMVP_11216,Sister_Lk_LA_2022-8-9,20,H12_CviMVP_PlDNA_1_SG_1383_ef032876,8_H12_CviMVP_PlDNA_1_SG_1383_ef032876_Dermo,1,NA,Negative,FALSE,0,0,Negative,0
8,H07,FAM,Unkn-24,23.9,23.87,1e-05,Dermo,A1_CviMVP_PlDNA_2_SG_1424_28f79e03,CviMVP_11328,GriceCove_SC_2022-8-10,21,A1_CviMVP_PlDNA_2_SG_1424_28f79e03,8_A1_CviMVP_PlDNA_2_SG_1424_28f79e03_Dermo,1,0.06,Positive,FALSE,3320.702857,2,Positive,2
8,H09,FAM,Unkn-32,24.93,24.92,1e-05,Dermo,E3_CviMVP_PlDNA_2_SG_1778_9d581faa,CviMVP_12366,NPS_PS_NC_2022-10-12,19,E3_CviMVP_PlDNA_2_SG_1778_9d581faa,8_E3_CviMVP_PlDNA_2_SG_1778_9d581faa_Dermo,1,0.03,Positive,FALSE,3670.250526,2,Positive,2
9,A07,FAM,Unkn-17,29.67,29.66,0,Dermo,A6_CviMVP_PlDNA_2_SG_1061_0b870f2b,CviMVP_10332,OL_MI_SC_2022-5-31,20,A6_CviMVP_PlDNA_2_SG_1061_0b870f2b,9_A6_CviMVP_PlDNA_2_SG_1061_0b870f2b_Dermo,1,0.02,Positive,FALSE,0,0,Positive,1
9,A09,FAM,Unkn-25,NA,0,0,Dermo,A7_CviMVP_PlDNA_2_SG_1925_7c410165,CviMVP_12794,Orrs_Cove_ME_2022-10-31,22,A7_CviMVP_PlDNA_2_SG_1925_7c410165,9_A7_CviMVP_PlDNA_2_SG_1925_7c410165_Dermo,1,NA,Negative,FALSE,0,0,Negative,0
9,B03,FAM,Unkn-02,NA,0,0,Dermo,B4_CviMVP_PlDNA_2_SG_1824_dd7f9914,CviMVP_12503,PrEdIs_CN_A_2022-10-18,22,B4_CviMVP_PlDNA_2_SG_1824_dd7f9914,9_B4_CviMVP_PlDNA_2_SG_1824_dd7f9914_Dermo,1,NA,Negative,FALSE,0,0,Negative,0
9,B05,FAM,Unkn-10,21.6,21.56,5e-05,Dermo,B5_CviMVP_PlDNA_2_SG_1409_e556ee36,CviMVP_11285,GriceCove_SC_2022-8-10,20,B5_CviMVP_PlDNA_2_SG_1409_e556ee36,9_B5_CviMVP_PlDNA_2_SG_1409_e556ee36_Dermo,1,0.08,Positive,FALSE,17433.69,3,Positive,3
9,B07,FAM,Unkn-18,33.49,33.64,0,Dermo,B6_CviMVP_PlDNA_2_SG_1429_7aee0526,CviMVP_11341,GriceCove_SC_2022-8-10,18,B6_CviMVP_PlDNA_2_SG_1429_7aee0526,9_B6_CviMVP_PlDNA_2_SG_1429_7aee0526_Dermo,1,0.31,Positive,FALSE,0,0,Positive,1
9,B09,FAM,Unkn-26,NA,0,0,Dermo,B7_CviMVP_PlDNA_2_SG_1666_33d19e4e,CviMVP_12037,EelLake_Canada_2022-9-27,19,B7_CviMVP_PlDNA_2_SG_1666_33d19e4e,9_B7_CviMVP_PlDNA_2_SG_1666_33d19e4e_Dermo,1,NA,Negative,FALSE,0,0,Negative,0
9,B11,FAM,Unkn-33,NA,0,0,Dermo,A8_CviMVP_PlDNA_2_SG_1686_184fe4d7,CviMVP_12096,EelLake_Canada_2022-9-27,18,A8_CviMVP_PlDNA_2_SG_1686_184fe4d7,9_A8_CviMVP_PlDNA_2_SG_1686_184fe4d7_Dermo,1,NA,Negative,FALSE,0,0,Negative,0
9,C03,FAM,Unkn-03,NA,0,0,Dermo,C4_CviMVP_PlDNA_2_SG_1812_a1aacc78,CviMVP_12467,PrEdIs_CN_A_2022-10-18,21,C4_CviMVP_PlDNA_2_SG_1812_a1aacc78,9_C4_CviMVP_PlDNA_2_SG_1812_a1aacc78_Dermo,1,NA,Negative,FALSE,0,0,Negative,0
9,C05,FAM,Unkn-11,NA,0,0,Dermo,C5_CviMVP_PlDNA_2_SG.sharedLotterhosPuritz_3044_dfab1eb6,CviMVP_30129,HC_DB_NJ_2022-9-23,19,C5_CviMVP_PlDNA_2_SG.sharedLotterhosPuritz_3044_dfab1eb6,9_C5_CviMVP_PlDNA_2_SG.sharedLotterhosPuritz_3044_dfab1eb6_Dermo,1,NA,Negative,FALSE,0,0,Negative,0
9,C07,FAM,Unkn-19,19.12,19.06,0.00021,Dermo,D6_CviMVP_PlDNA_2_SG_1715_3df8d222,CviMVP_12178,SaLa_GA_2022-10-5,20,D6_CviMVP_PlDNA_2_SG_1715_3df8d222,9_D6_CviMVP_PlDNA_2_SG_1715_3df8d222_Dermo,1,0.11,Positive,FALSE,73221.498,3,Positive,3
9,C09,FAM,Unkn-27,NA,0,0,Dermo,D7_CviMVP_PlDNA_2_SG_1105_cf668f83,CviMVP_10454,CB_TX_2022-6-9,21,D7_CviMVP_PlDNA_2_SG_1105_cf668f83,9_D7_CviMVP_PlDNA_2_SG_1105_cf668f83_Dermo,1,NA,Negative,FALSE,0,0,Negative,0
9,C11,FAM,Unkn-34,NA,0,0,Dermo,B8_CviMVP_PlDNA_2_SG_1662_1f53eaa1,CviMVP_12025,EelLake_Canada_2022-9-27,19,B8_CviMVP_PlDNA_2_SG_1662_1f53eaa1,9_B8_CviMVP_PlDNA_2_SG_1662_1f53eaa1_Dermo,1,NA,Negative,FALSE,0,0,Negative,0
9,D03,FAM,Unkn-04,NA,0,0,Dermo,D4_CviMVP_PlDNA_2_SG_1365_862540eb,CviMVP_11163,Nickle_Rf_LA_2022-8-1,20,D4_CviMVP_PlDNA_2_SG_1365_862540eb,9_D4_CviMVP_PlDNA_2_SG_1365_862540eb_Dermo,1,NA,Negative,FALSE,0,0,Negative,0
9,D05,FAM,Unkn-12,NA,0,0,Dermo,D5_CviMVP_PlDNA_2_SG_1909_21c2d575,CviMVP_12747,Orrs_Cove_ME_2022-10-31,18,D5_CviMVP_PlDNA_2_SG_1909_21c2d575,9_D5_CviMVP_PlDNA_2_SG_1909_21c2d575_Dermo,1,NA,Negative,FALSE,0,0,Negative,0
9,D07,FAM,Unkn-20,35.15,34.59,0,Dermo,E6_CviMVP_PlDNA_2_SG_1418_ce942e72,CviMVP_11311,GriceCove_SC_2022-8-10,20,E6_CviMVP_PlDNA_2_SG_1418_ce942e72,9_E6_CviMVP_PlDNA_2_SG_1418_ce942e72_Dermo,1,1.12,Positive,FALSE,0,0,Positive,1
9,D11,FAM,Unkn-35,NA,0,0,Dermo,C8_CviMVP_PlDNA_2_SG_1384_24b58700,CviMVP_11219,Sister_Lk_LA_2022-8-9,21,C8_CviMVP_PlDNA_2_SG_1384_24b58700,9_C8_CviMVP_PlDNA_2_SG_1384_24b58700_Dermo,1,NA,Negative,FALSE,0,0,Negative,0
9,E05,FAM,Unkn-13,26.76,26.7,0,Dermo,E5_CviMVP_PlDNA_2_SG_1218_72ed5589,CviMVP_10738,TP_TX_2022-6-28,19,E5_CviMVP_PlDNA_2_SG_1218_72ed5589,9_E5_CviMVP_PlDNA_2_SG_1218_72ed5589_Dermo,1,0.12,Positive,FALSE,0,0,Positive,1
9,E07,FAM,Unkn-21,27.8,27.68,0,Dermo,F6_CviMVP_PlDNA_2_SG.sharedLotterhosPuritz_1496_13dadaa0,CviMVP_11537,NR_NB_RI_2022-8-19,18,F6_CviMVP_PlDNA_2_SG.sharedLotterhosPuritz_1496_13dadaa0,9_F6_CviMVP_PlDNA_2_SG.sharedLotterhosPuritz_1496_13dadaa0_Dermo,1,0.23,Positive,FALSE,0,0,Positive,1
9,E09,FAM,Unkn-29,NA,0,0,Dermo,F7_CviMVP_PlDNA_2_SG_1029_1709b6fc,CviMVP_10072,LakeFortuna_LA_2022-5-11,20,F7_CviMVP_PlDNA_2_SG_1029_1709b6fc,9_F7_CviMVP_PlDNA_2_SG_1029_1709b6fc_Dermo,1,NA,Negative,FALSE,0,0,Negative,0
9,E11,FAM,Unkn-36,30.42,30.44,0,Dermo,D8_CviMVP_PlDNA_2_SG.sharedLotterhosPuritz_1526_8fde2a0e,CviMVP_11626,DC_NB_RI_2022-8-19,20,D8_CviMVP_PlDNA_2_SG.sharedLotterhosPuritz_1526_8fde2a0e,9_D8_CviMVP_PlDNA_2_SG.sharedLotterhosPuritz_1526_8fde2a0e_Dermo,1,0.03,Positive,FALSE,0,0,Positive,1
9,F03,FAM,Unkn-06,NA,0,0,Dermo,F4_CviMVP_PlDNA_2_SG_1186_8c0d3239,CviMVP_10646,Culch_Ba_LA_2022-6-21,19,F4_CviMVP_PlDNA_2_SG_1186_8c0d3239,9_F4_CviMVP_PlDNA_2_SG_1186_8c0d3239_Dermo,1,NA,Negative,FALSE,0,0,Negative,0
9,F05,FAM,Unkn-14,39.56,38.59,0,Dermo,F5_CviMVP_PlDNA_2_SG_1641_42f8af9b,CviMVP_11963,SaltBay_Canada_2022-9-27,22,F5_CviMVP_PlDNA_2_SG_1641_42f8af9b,9_F5_CviMVP_PlDNA_2_SG_1641_42f8af9b_Dermo,1,1.94,Positive,FALSE,0,0,Negative,0
9,F07,FAM,Unkn-22,NA,0,0,Dermo,G6_CviMVP_PlDNA_2_SG_1138_2a7224fb,CviMVP_10526,FP_Sav_GA_2022-6-10,21,G6_CviMVP_PlDNA_2_SG_1138_2a7224fb,9_G6_CviMVP_PlDNA_2_SG_1138_2a7224fb_Dermo,1,NA,Negative,FALSE,0,0,Negative,0
9,F09,FAM,Unkn-30,26.49,26.46,0,Dermo,G7_CviMVP_PlDNA_2_SG_1299_b1a66ac8,CviMVP_10969,Sapelo_Is_GA_2022-7-17,21,G7_CviMVP_PlDNA_2_SG_1299_b1a66ac8,9_G7_CviMVP_PlDNA_2_SG_1299_b1a66ac8_Dermo,1,0.07,Positive,FALSE,0,0,Positive,1
9,F11,FAM,Unkn-37,NA,0,0,Dermo,E8_CviMVP_PlDNA_2_SG_1356_4295d929,CviMVP_11136,Nickle_Rf_LA_2022-8-1,20,E8_CviMVP_PlDNA_2_SG_1356_4295d929,9_E8_CviMVP_PlDNA_2_SG_1356_4295d929_Dermo,1,NA,Negative,FALSE,0,0,Negative,0
9,G03,FAM,Unkn-07,NA,0,0,Dermo,G4_CviMVP_PlDNA_2_SG_1184_7c2aa22d,CviMVP_10641,Culch_Ba_LA_2022-6-21,18,G4_CviMVP_PlDNA_2_SG_1184_7c2aa22d,9_G4_CviMVP_PlDNA_2_SG_1184_7c2aa22d_Dermo,1,NA,Negative,FALSE,0,0,Negative,0
9,G05,FAM,Unkn-15,NA,0,0,Dermo,G5_CviMVP_PlDNA_2_SG_1027_8151ca73,CviMVP_10064,LakeFortuna_LA_2022-5-11,18,G5_CviMVP_PlDNA_2_SG_1027_8151ca73,9_G5_CviMVP_PlDNA_2_SG_1027_8151ca73_Dermo,1,NA,Negative,FALSE,0,0,Negative,0
9,G07,FAM,Unkn-23,35.47,35.05,0,Dermo,H6_CviMVP_PlDNA_2_SG.sharedLotterhosPuritz_3029_b178cb91,CviMVP_30087,CS_DB_NJ_2022-9-21,20,H6_CviMVP_PlDNA_2_SG.sharedLotterhosPuritz_3029_b178cb91,9_H6_CviMVP_PlDNA_2_SG.sharedLotterhosPuritz_3029_b178cb91_Dermo,1,0.84,Positive,FALSE,0,0,Positive,1
9,G09,FAM,Unkn-31,33.26,33.14,0,Dermo,H7_CviMVP_PlDNA_2_SG_1800_6455f4be,CviMVP_12431,NPS_PS_NC_2022-10-12,20,H7_CviMVP_PlDNA_2_SG_1800_6455f4be,9_H7_CviMVP_PlDNA_2_SG_1800_6455f4be_Dermo,1,0.24,Positive,FALSE,0,0,Positive,1
9,H03,FAM,Unkn-08,21.81,21.78,5e-05,Dermo,H4_CviMVP_PlDNA_2_SG_1303_bb38f6e1,CviMVP_10981,Sapelo_Is_GA_2022-7-17,18,H4_CviMVP_PlDNA_2_SG_1303_bb38f6e1,9_H4_CviMVP_PlDNA_2_SG_1303_bb38f6e1_Dermo,1,0.06,Positive,FALSE,19370.76667,3,Positive,3
9,H07,FAM,Unkn-24,NA,0,0,Dermo,F8_CviMVP_PlDNA_2_SG_1552_5d51308b,CviMVP_11704,CPR_MS_AL_2022-8-24,20,F8_CviMVP_PlDNA_2_SG_1552_5d51308b,9_F8_CviMVP_PlDNA_2_SG_1552_5d51308b_Dermo,1,NA,Negative,FALSE,0,0,Negative,0
10,A03,FAM,Unkn-01,NA,0,0,Dermo,A9_CviMVP_PlDNA_2_SG_1628_5510ba60,CviMVP_11924,SaltBay_Canada_2022-9-27,21,A9_CviMVP_PlDNA_2_SG_1628_5510ba60,10_A9_CviMVP_PlDNA_2_SG_1628_5510ba60_Dermo,1,NA,Negative,FALSE,0,0,Negative,0
10,A05,FAM,Unkn-09,34.59,34.32,0,Dermo,A10_CviMVP_PlDNA_2_SG_1170_5ceaf20a,CviMVP_10604,SkR_GA_2022-6-14,19,A10_CviMVP_PlDNA_2_SG_1170_5ceaf20a,10_A10_CviMVP_PlDNA_2_SG_1170_5ceaf20a_Dermo,1,0.54,Positive,FALSE,0,0,Positive,1
10,A07,FAM,Unkn-17,37.95,37.24,0,Dermo,A11_CviMVP_PlDNA_2_SG_1782_fa92e3f5,CviMVP_12378,NPS_PS_NC_2022-10-12,20,A11_CviMVP_PlDNA_2_SG_1782_fa92e3f5,10_A11_CviMVP_PlDNA_2_SG_1782_fa92e3f5_Dermo,1,1.42,Positive,FALSE,0,0,Negative,0
10,B03,FAM,Unkn-02,NA,0,0,Dermo,B9_CviMVP_PlDNA_2_SG.sharedLotterhosPuritz_3043_e541bd45,CviMVP_30126,HC_DB_NJ_2022-9-23,19,B9_CviMVP_PlDNA_2_SG.sharedLotterhosPuritz_3043_e541bd45,10_B9_CviMVP_PlDNA_2_SG.sharedLotterhosPuritz_3043_e541bd45_Dermo,1,NA,Negative,FALSE,0,0,Negative,0
10,B05,FAM,Unkn-10,24.21,24.16,1e-05,Dermo,B10_CviMVP_PlDNA_2_SG.sharedLotterhosPuritz_1729_09f98c5b,CviMVP_12220,WS_CB_VA_2022-10-7,22,B10_CviMVP_PlDNA_2_SG.sharedLotterhosPuritz_1729_09f98c5b,10_B10_CviMVP_PlDNA_2_SG.sharedLotterhosPuritz_1729_09f98c5b_Dermo,1,0.09,Positive,FALSE,3169.761818,2,Positive,2
10,B07,FAM,Unkn-18,26.67,26.65,0,Dermo,B11_CviMVP_PlDNA_2_SG.sharedLotterhosPuritz_1531_a3123770,CviMVP_11641,DC_NB_RI_2022-8-19,20,B11_CviMVP_PlDNA_2_SG.sharedLotterhosPuritz_1531_a3123770,10_B11_CviMVP_PlDNA_2_SG.sharedLotterhosPuritz_1531_a3123770_Dermo,1,0.03,Positive,FALSE,0,0,Positive,1
10,B09,FAM,Unkn-26,29.44,29.39,0,Dermo,B12_CviMVP_PlDNA_2_SG_1624_f59660b5,CviMVP_11912,SawIs_MA_2022-9-5,20,B12_CviMVP_PlDNA_2_SG_1624_f59660b5,10_B12_CviMVP_PlDNA_2_SG_1624_f59660b5_Dermo,1,0.1,Positive,FALSE,0,0,Positive,1
10,C03,FAM,Unkn-03,NA,0,0,Dermo,C9_CviMVP_PlDNA_2_SG_1032_6655cc76,CviMVP_10084,LakeFortuna_LA_2022-5-11,21,C9_CviMVP_PlDNA_2_SG_1032_6655cc76,10_C9_CviMVP_PlDNA_2_SG_1032_6655cc76_Dermo,1,NA,Negative,FALSE,0,0,Negative,0
10,C05,FAM,Unkn-11,NA,0,0,Dermo,C10_CviMVP_PlDNA_2_SG.sharedLotterhosPuritz_3003_00b9719a,CviMVP_30009,CS_DB_NJ_2022-9-21,22,C10_CviMVP_PlDNA_2_SG.sharedLotterhosPuritz_3003_00b9719a,10_C10_CviMVP_PlDNA_2_SG.sharedLotterhosPuritz_3003_00b9719a_Dermo,1,NA,Negative,FALSE,0,0,Negative,0
10,C07,FAM,Unkn-19,28,27.97,0,Dermo,C11_CviMVP_PlDNA_2_SG.sharedLotterhosPuritz_1730_3947bb8f,CviMVP_12223,WS_CB_VA_2022-10-7,18,C11_CviMVP_PlDNA_2_SG.sharedLotterhosPuritz_1730_3947bb8f,10_C11_CviMVP_PlDNA_2_SG.sharedLotterhosPuritz_1730_3947bb8f_Dermo,1,0.06,Positive,FALSE,0,0,Positive,1
10,C09,FAM,Unkn-27,NA,0,0,Dermo,C12_CviMVP_PlDNA_2_SG_1813_c02ddcb7,CviMVP_12470,PrEdIs_CN_A_2022-10-18,21,C12_CviMVP_PlDNA_2_SG_1813_c02ddcb7,10_C12_CviMVP_PlDNA_2_SG_1813_c02ddcb7_Dermo,1,NA,Negative,FALSE,0,0,Negative,0
10,C11,FAM,Unkn-34,NA,0,0,Dermo,G3_CviMVP_PlDNA_2_SG.sharedLotterhosPuritz_3028_9450ca97,CviMVP_30084,CS_DB_NJ_2022-9-21,20,G3_CviMVP_PlDNA_2_SG.sharedLotterhosPuritz_3028_9450ca97,10_G3_CviMVP_PlDNA_2_SG.sharedLotterhosPuritz_3028_9450ca97_Dermo,1,NA,Negative,FALSE,0,0,Negative,0
10,D03,FAM,Unkn-04,24.63,24.57,1e-05,Dermo,D9_CviMVP_PlDNA_2_SG.sharedLotterhosPuritz_1509_242c6773,CviMVP_11576,NR_NB_RI_2022-8-19,21,D9_CviMVP_PlDNA_2_SG.sharedLotterhosPuritz_1509_242c6773,10_D9_CviMVP_PlDNA_2_SG.sharedLotterhosPuritz_1509_242c6773_Dermo,1,0.11,Positive,FALSE,3320.702857,2,Positive,2
10,D05,FAM,Unkn-12,NA,0,0,Dermo,D10_CviMVP_PlDNA_2_SG_1146_b3a78220,CviMVP_10547,FP_Sav_GA_2022-6-10,20,D10_CviMVP_PlDNA_2_SG_1146_b3a78220,10_D10_CviMVP_PlDNA_2_SG_1146_b3a78220_Dermo,1,NA,Negative,FALSE,0,0,Negative,0
10,D07,FAM,Unkn-20,27.1,26.96,0,Dermo,D11_CviMVP_PlDNA_2_SG_1476_336c2b9f,CviMVP_11478,SR_GB_NH_2022-8-12,20,D11_CviMVP_PlDNA_2_SG_1476_336c2b9f,10_D11_CviMVP_PlDNA_2_SG_1476_336c2b9f_Dermo,1,0.29,Positive,FALSE,0,0,Positive,1
10,D11,FAM,Unkn-35,30.59,30.48,0,Dermo,H8_CviMVP_PlDNA_2_SG.sharedLotterhosPuritz_1516_405c32be,CviMVP_11597,DC_NB_RI_2022-8-19,22,H8_CviMVP_PlDNA_2_SG.sharedLotterhosPuritz_1516_405c32be,10_H8_CviMVP_PlDNA_2_SG.sharedLotterhosPuritz_1516_405c32be_Dermo,1,0.22,Positive,FALSE,0,0,Positive,1
10,E03,FAM,Unkn-05,29.51,29.38,0,Dermo,E9_CviMVP_PlDNA_2_SG.sharedLotterhosPuritz_1483_dcff5b0d,CviMVP_11499,NR_NB_RI_2022-8-19,18,E9_CviMVP_PlDNA_2_SG.sharedLotterhosPuritz_1483_dcff5b0d,10_E9_CviMVP_PlDNA_2_SG.sharedLotterhosPuritz_1483_dcff5b0d_Dermo,1,0.26,Positive,FALSE,0,0,Positive,1
10,E05,FAM,Unkn-13,20.35,20.3,0.00012,Dermo,E10_CviMVP_PlDNA_2_SG_1403_28de4b21,CviMVP_11273,GriceCove_SC_2022-8-10,19,E10_CviMVP_PlDNA_2_SG_1403_28de4b21,10_E10_CviMVP_PlDNA_2_SG_1403_28de4b21_Dermo,1,0.1,Positive,FALSE,44043.00632,3,Positive,3
10,E07,FAM,Unkn-21,NA,0,0,Dermo,F11_CviMVP_PlDNA_2_SG_1811_dabc6d9e,CviMVP_12464,PrEdIs_CN_A_2022-10-18,20,F11_CviMVP_PlDNA_2_SG_1811_dabc6d9e,10_F11_CviMVP_PlDNA_2_SG_1811_dabc6d9e_Dermo,1,NA,Negative,FALSE,0,0,Negative,0
10,E11,FAM,Unkn-36,26.09,25.98,1e-05,Dermo,H5_CviMVP_PlDNA_2_SG_1054_bb651ac2,CviMVP_10311,OL_MI_SC_2022-5-31,22,H5_CviMVP_PlDNA_2_SG_1054_bb651ac2,10_H5_CviMVP_PlDNA_2_SG_1054_bb651ac2_Dermo,1,0.23,Positive,FALSE,3169.761818,2,Positive,1
10,F03,FAM,Unkn-06,35.16,36.15,0,Dermo,F9_CviMVP_PlDNA_2_SG.sharedLotterhosPuritz_1494_7e8e3848,CviMVP_11531,NR_NB_RI_2022-8-19,19,F9_CviMVP_PlDNA_2_SG.sharedLotterhosPuritz_1494_7e8e3848,10_F9_CviMVP_PlDNA_2_SG.sharedLotterhosPuritz_1494_7e8e3848_Dermo,1,1.98,Positive,FALSE,0,0,Positive,1
10,F07,FAM,Unkn-22,23.82,23.82,2e-05,Dermo,G11_CviMVP_PlDNA_2_SG.sharedLotterhosPuritz_1734_999220c1,CviMVP_12235,WS_CB_VA_2022-10-7,19,G11_CviMVP_PlDNA_2_SG.sharedLotterhosPuritz_1734_999220c1,10_G11_CviMVP_PlDNA_2_SG.sharedLotterhosPuritz_1734_999220c1_Dermo,1,0,Positive,FALSE,7340.501053,2,Positive,2
10,F09,FAM,Unkn-30,39.49,39.38,0,Dermo,F12_CviMVP_PlDNA_2_SG.sharedLotterhosPuritz_1854_49920960,CviMVP_12586,LCP_UP_MD_2022-10-20,20,F12_CviMVP_PlDNA_2_SG.sharedLotterhosPuritz_1854_49920960,10_F12_CviMVP_PlDNA_2_SG.sharedLotterhosPuritz_1854_49920960_Dermo,1,0.21,Positive,FALSE,0,0,Negative,0
10,G03,FAM,Unkn-07,NA,0,0,Dermo,G9_CviMVP_PlDNA_2_SG.sharedLotterhosPuritz_3049_23480dce,CviMVP_30144,HC_DB_NJ_2022-9-23,22,G9_CviMVP_PlDNA_2_SG.sharedLotterhosPuritz_3049_23480dce,10_G9_CviMVP_PlDNA_2_SG.sharedLotterhosPuritz_3049_23480dce_Dermo,1,NA,Negative,FALSE,0,0,Negative,0
10,G05,FAM,Unkn-15,31.1,31.09,0,Dermo,G10_CviMVP_PlDNA_2_SG_1133_44703552,CviMVP_10512,FP_Sav_GA_2022-6-10,19,G10_CviMVP_PlDNA_2_SG_1133_44703552,10_G10_CviMVP_PlDNA_2_SG_1133_44703552_Dermo,1,0.01,Positive,FALSE,0,0,Positive,1
10,G07,FAM,Unkn-23,24.37,24.33,1e-05,Dermo,H11_CviMVP_PlDNA_2_SG.sharedLotterhosPuritz_1527_c9330c62,CviMVP_11629,DC_NB_RI_2022-8-19,20,H11_CviMVP_PlDNA_2_SG.sharedLotterhosPuritz_1527_c9330c62,10_H11_CviMVP_PlDNA_2_SG.sharedLotterhosPuritz_1527_c9330c62_Dermo,1,0.07,Positive,FALSE,3486.738,2,Positive,2
10,G09,FAM,Unkn-31,35.27,34.8,0,Dermo,G12_CviMVP_PlDNA_2_SG_1452_3e21ca6c,CviMVP_11408,Cal_Lake_LA_2022-8-11,22,G12_CviMVP_PlDNA_2_SG_1452_3e21ca6c,10_G12_CviMVP_PlDNA_2_SG_1452_3e21ca6c_Dermo,1,0.94,Positive,FALSE,0,0,Positive,1
10,H03,FAM,Unkn-08,31.69,31.97,0,Dermo,H9_CviMVP_PlDNA_2_SG.sharedLotterhosPuritz_1495_6dd58e52,CviMVP_11534,NR_NB_RI_2022-8-19,21,H9_CviMVP_PlDNA_2_SG.sharedLotterhosPuritz_1495_6dd58e52,10_H9_CviMVP_PlDNA_2_SG.sharedLotterhosPuritz_1495_6dd58e52_Dermo,1,0.56,Positive,FALSE,0,0,Positive,1
10,H07,FAM,Unkn-24,NA,0,0,Dermo,C3_CviMVP_PlDNA_2_SG.sharedLotterhosPuritz_3017_c060f9a6,CviMVP_30051,CS_DB_NJ_2022-9-21,19,C3_CviMVP_PlDNA_2_SG.sharedLotterhosPuritz_3017_c060f9a6,10_C3_CviMVP_PlDNA_2_SG.sharedLotterhosPuritz_3017_c060f9a6_Dermo,1,NA,Negative,FALSE,0,0,Negative,0
10,H09,FAM,Unkn-32,NA,0,0,Dermo,H12_CviMVP_PlDNA_2_SG_1371_c50dbc1e,CviMVP_11181,Nickle_Rf_LA_2022-8-1,22,H12_CviMVP_PlDNA_2_SG_1371_c50dbc1e,10_H12_CviMVP_PlDNA_2_SG_1371_c50dbc1e_Dermo,1,NA,Negative,FALSE,0,0,Negative,0
11,A03,FAM,Unkn-01,36.58,37.42,0,Dermo,A1_CviMVP_PlDNA_3_SG_1639_db25a5c3,CviMVP_11957,SaltBay_Canada_2022-9-27,20,A1_CviMVP_PlDNA_3_SG_1639_db25a5c3,11_A1_CviMVP_PlDNA_3_SG_1639_db25a5c3_Dermo,1,1.68,Positive,FALSE,0,0,Negative,0
11,A05,FAM,Unkn-09,23.44,22.93,3e-05,Dermo,A2_CviMVP_PlDNA_3_SG_1423_43438d17,CviMVP_11326,GriceCove_SC_2022-8-10,21,A2_CviMVP_PlDNA_3_SG_1423_43438d17,11_A2_CviMVP_PlDNA_3_SG_1423_43438d17_Dermo,1,1.02,Positive,FALSE,9962.108571,2,Positive,3
11,A07,FAM,Unkn-17,33.43,33.51,0,Dermo,A3_CviMVP_PlDNA_3_SG.sharedLotterhosPuritz_1722_d9620874,CviMVP_12199,WS_CB_VA_2022-10-7,19,A3_CviMVP_PlDNA_3_SG.sharedLotterhosPuritz_1722_d9620874,11_A3_CviMVP_PlDNA_3_SG.sharedLotterhosPuritz_1722_d9620874_Dermo,1,0.17,Positive,FALSE,0,0,Positive,1
11,A09,FAM,Unkn-25,NA,0,0,Dermo,A4_CviMVP_PlDNA_3_SG.sharedLotterhosPuritz_1861_4b537e7a,CviMVP_12607,LCP_UP_MD_2022-10-20,22,A4_CviMVP_PlDNA_3_SG.sharedLotterhosPuritz_1861_4b537e7a,11_A4_CviMVP_PlDNA_3_SG.sharedLotterhosPuritz_1861_4b537e7a_Dermo,1,NA,Negative,FALSE,0,0,Negative,0
11,B03,FAM,Unkn-02,23.11,23.11,2e-05,Dermo,B1_CviMVP_PlDNA_3_SG_1701_4821db1f,CviMVP_12138,SaLa_GA_2022-10-5,20,B1_CviMVP_PlDNA_3_SG_1701_4821db1f,11_B1_CviMVP_PlDNA_3_SG_1701_4821db1f_Dermo,1,0.01,Positive,FALSE,6973.476,2,Positive,2
11,B05,FAM,Unkn-10,30.19,30.01,0,Dermo,C2_CviMVP_PlDNA_3_SG_1051_b2f89cc5,CviMVP_10303,OL_MI_SC_2022-5-31,18,C2_CviMVP_PlDNA_3_SG_1051_b2f89cc5,11_C2_CviMVP_PlDNA_3_SG_1051_b2f89cc5_Dermo,1,0.37,Positive,FALSE,0,0,Positive,1
11,B07,FAM,Unkn-18,28.91,28.83,0,Dermo,B3_CviMVP_PlDNA_3_SG_1787_8a972806,CviMVP_12393,NPS_PS_NC_2022-10-12,21,B3_CviMVP_PlDNA_3_SG_1787_8a972806,11_B3_CviMVP_PlDNA_3_SG_1787_8a972806_Dermo,1,0.16,Positive,FALSE,0,0,Positive,1
11,B09,FAM,Unkn-26,38.92,39.28,0,Dermo,B4_CviMVP_PlDNA_3_SG_1389_08911bbf,CviMVP_11234,Sister_Lk_LA_2022-8-9,22,B4_CviMVP_PlDNA_3_SG_1389_08911bbf,11_B4_CviMVP_PlDNA_3_SG_1389_08911bbf_Dermo,1,0.72,Positive,FALSE,0,0,Negative,0
11,C05,FAM,Unkn-11,36.65,36.25,0,Dermo,D2_CviMVP_PlDNA_3_SG_1557_d47a231f,CviMVP_11719,CPR_MS_AL_2022-8-24,20,D2_CviMVP_PlDNA_3_SG_1557_d47a231f,11_D2_CviMVP_PlDNA_3_SG_1557_d47a231f_Dermo,1,0.79,Positive,FALSE,0,0,Positive,1
11,C07,FAM,Unkn-19,NA,0,0,Dermo,C3_CviMVP_PlDNA_3_SG.sharedLotterhosPuritz_3023_12b47c5b,CviMVP_30069,CS_DB_NJ_2022-9-21,20,C3_CviMVP_PlDNA_3_SG.sharedLotterhosPuritz_3023_12b47c5b,11_C3_CviMVP_PlDNA_3_SG.sharedLotterhosPuritz_3023_12b47c5b_Dermo,1,NA,Negative,FALSE,0,0,Negative,0
11,C09,FAM,Unkn-27,29.91,29.87,0,Dermo,C4_CviMVP_PlDNA_3_SG_1575_5d10637a,CviMVP_11771,KP_FGR_FL_2022-8-23,20,C4_CviMVP_PlDNA_3_SG_1575_5d10637a,11_C4_CviMVP_PlDNA_3_SG_1575_5d10637a_Dermo,1,0.08,Positive,FALSE,0,0,Positive,1
11,D03,FAM,Unkn-04,NA,0,0,Dermo,D1_CviMVP_PlDNA_3_SG_1039_1b561850,CviMVP_10112,LakeFortuna_LA_2022-5-11,22,D1_CviMVP_PlDNA_3_SG_1039_1b561850,11_D1_CviMVP_PlDNA_3_SG_1039_1b561850_Dermo,1,NA,Negative,FALSE,0,0,Negative,0
11,D07,FAM,Unkn-20,26.52,26.56,0,Dermo,D3_CviMVP_PlDNA_3_SG_1286_59268f67,CviMVP_10931,Sapelo_Is_GA_2022-7-17,19,D3_CviMVP_PlDNA_3_SG_1286_59268f67,11_D3_CviMVP_PlDNA_3_SG_1286_59268f67_Dermo,1,0.07,Positive,FALSE,0,0,Positive,1
11,D09,FAM,Unkn-28,36.81,37.25,0,Dermo,D4_CviMVP_PlDNA_3_SG_1183_5414cc84,CviMVP_10638,Culch_Ba_LA_2022-6-21,22,D4_CviMVP_PlDNA_3_SG_1183_5414cc84,11_D4_CviMVP_PlDNA_3_SG_1183_5414cc84_Dermo,1,0.87,Positive,FALSE,0,0,Negative,0
11,D11,FAM,Unkn-35,NA,0,0,Dermo,C5_CviMVP_PlDNA_3_SG_1095_64467e6a,CviMVP_10432,GalBay_TX_2022-6-2,20,C5_CviMVP_PlDNA_3_SG_1095_64467e6a,11_C5_CviMVP_PlDNA_3_SG_1095_64467e6a_Dermo,1,NA,Negative,FALSE,0,0,Negative,0
11,E03,FAM,Unkn-05,NA,0,0,Dermo,E1_CviMVP_PlDNA_3_SG_1031_1b3cca54,CviMVP_10080,LakeFortuna_LA_2022-5-11,20,E1_CviMVP_PlDNA_3_SG_1031_1b3cca54,11_E1_CviMVP_PlDNA_3_SG_1031_1b3cca54_Dermo,1,NA,Negative,FALSE,0,0,Negative,0
11,E05,FAM,Unkn-13,29.95,29.65,0,Dermo,F2_CviMVP_PlDNA_3_SG.sharedLotterhosPuritz_1486_97845837,CviMVP_11507,NR_NB_RI_2022-8-19,15,F2_CviMVP_PlDNA_3_SG.sharedLotterhosPuritz_1486_97845837,11_F2_CviMVP_PlDNA_3_SG.sharedLotterhosPuritz_1486_97845837_Dermo,1,0.59,Positive,FALSE,0,0,Positive,1
11,E07,FAM,Unkn-21,NA,0,0,Dermo,E3_CviMVP_PlDNA_3_SG_1141_da432123,CviMVP_10534,FP_Sav_GA_2022-6-10,21,E3_CviMVP_PlDNA_3_SG_1141_da432123,11_E3_CviMVP_PlDNA_3_SG_1141_da432123_Dermo,1,NA,Negative,FALSE,0,0,Negative,0
11,E09,FAM,Unkn-29,NA,0,0,Dermo,E4_CviMVP_PlDNA_3_SG_1898_e19706e2,CviMVP_12712,Orrs_Cove_ME_2022-10-31,22,E4_CviMVP_PlDNA_3_SG_1898_e19706e2,11_E4_CviMVP_PlDNA_3_SG_1898_e19706e2_Dermo,1,NA,Negative,FALSE,0,0,Negative,0
11,F03,FAM,Unkn-06,NA,0,0,Dermo,F1_CviMVP_PlDNA_3_SG_1642_8ae9c894,CviMVP_11966,SaltBay_Canada_2022-9-27,20,F1_CviMVP_PlDNA_3_SG_1642_8ae9c894,11_F1_CviMVP_PlDNA_3_SG_1642_8ae9c894_Dermo,1,NA,Negative,FALSE,0,0,Negative,0
11,F05,FAM,Unkn-14,27.78,27.78,0,Dermo,G2_CviMVP_PlDNA_3_SG.sharedLotterhosPuritz_1732_312c1a7e,CviMVP_12229,WS_CB_VA_2022-10-7,18,G2_CviMVP_PlDNA_3_SG.sharedLotterhosPuritz_1732_312c1a7e,11_G2_CviMVP_PlDNA_3_SG.sharedLotterhosPuritz_1732_312c1a7e_Dermo,1,0,Positive,FALSE,0,0,Positive,1
11,F07,FAM,Unkn-22,28.57,28.55,0,Dermo,F3_CviMVP_PlDNA_3_SG_1467_0471606e,CviMVP_11451,SR_GB_NH_2022-8-12,22,F3_CviMVP_PlDNA_3_SG_1467_0471606e,11_F3_CviMVP_PlDNA_3_SG_1467_0471606e_Dermo,1,0.03,Positive,FALSE,0,0,Positive,1
11,F09,FAM,Unkn-30,39.14,39.38,0,Dermo,F4_CviMVP_PlDNA_3_SG_1296_1006c251,CviMVP_10960,Sapelo_Is_GA_2022-7-17,20,F4_CviMVP_PlDNA_3_SG_1296_1006c251,11_F4_CviMVP_PlDNA_3_SG_1296_1006c251_Dermo,1,0.47,Positive,FALSE,0,0,Negative,0
11,F11,FAM,Unkn-37,NA,0,0,Dermo,E5_CviMVP_PlDNA_3_SG_1633_86fd52e6,CviMVP_11939,SaltBay_Canada_2022-9-27,21,E5_CviMVP_PlDNA_3_SG_1633_86fd52e6,11_E5_CviMVP_PlDNA_3_SG_1633_86fd52e6_Dermo,1,NA,Negative,FALSE,0,0,Negative,0
11,G03,FAM,Unkn-07,28.86,28.68,0,Dermo,G1_CviMVP_PlDNA_3_SG_1152_e87ad87c,CviMVP_10563,SkR_GA_2022-6-14,22,G1_CviMVP_PlDNA_3_SG_1152_e87ad87c,11_G1_CviMVP_PlDNA_3_SG_1152_e87ad87c_Dermo,1,0.35,Positive,FALSE,0,0,Positive,1
11,G05,FAM,Unkn-15,25.4,25.27,1e-05,Dermo,H2_CviMVP_PlDNA_3_SG_1784_29ba5533,CviMVP_12384,NPS_PS_NC_2022-10-12,22,H2_CviMVP_PlDNA_3_SG_1784_29ba5533,11_H2_CviMVP_PlDNA_3_SG_1784_29ba5533_Dermo,1,0.25,Positive,FALSE,3169.761818,2,Positive,1
11,G09,FAM,Unkn-31,28.54,28.45,0,Dermo,G4_CviMVP_PlDNA_3_SG.sharedLotterhosPuritz_1518_4ff5ee3e,CviMVP_11603,DC_NB_RI_2022-8-19,22,G4_CviMVP_PlDNA_3_SG.sharedLotterhosPuritz_1518_4ff5ee3e,11_G4_CviMVP_PlDNA_3_SG.sharedLotterhosPuritz_1518_4ff5ee3e_Dermo,1,0.19,Positive,FALSE,0,0,Positive,1
11,H03,FAM,Unkn-08,22.37,22.34,4e-05,Dermo,H1_CviMVP_PlDNA_3_SG_1604_97e84e04,CviMVP_11853,SawIs_MA_2022-9-5,22,H1_CviMVP_PlDNA_3_SG_1604_97e84e04,11_H1_CviMVP_PlDNA_3_SG_1604_97e84e04_Dermo,1,0.06,Positive,FALSE,12679.04727,3,Positive,3
11,H05,FAM,Unkn-16,25.07,24.82,1e-05,Dermo,F5_CviMVP_PlDNA_3_SG_1702_57acd977,CviMVP_12141,SaLa_GA_2022-10-5,22,F5_CviMVP_PlDNA_3_SG_1702_57acd977,11_F5_CviMVP_PlDNA_3_SG_1702_57acd977_Dermo,1,0.5,Positive,FALSE,3169.761818,2,Positive,2
11,H07,FAM,Unkn-24,27.91,27.87,0,Dermo,H3_CviMVP_PlDNA_3_SG_1791_6994d958,CviMVP_12405,NPS_PS_NC_2022-10-12,20,H3_CviMVP_PlDNA_3_SG_1791_6994d958,11_H3_CviMVP_PlDNA_3_SG_1791_6994d958_Dermo,1,0.09,Positive,FALSE,0,0,Positive,1
11,H09,FAM,Unkn-32,NA,0,0,Dermo,H4_CviMVP_PlDNA_3_SG.sharedLotterhosPuritz_1867_848c805c,CviMVP_12625,LCP_UP_MD_2022-10-20,19,H4_CviMVP_PlDNA_3_SG.sharedLotterhosPuritz_1867_848c805c,11_H4_CviMVP_PlDNA_3_SG.sharedLotterhosPuritz_1867_848c805c_Dermo,1,NA,Negative,FALSE,0,0,Negative,0
12,A03,FAM,Unkn-01,23.23,23.17,3e-05,Dermo,A6_CviMVP_PlDNA_3_SG.sharedLotterhosPuritz_3007_8a86f2f3,CviMVP_30021,CS_DB_NJ_2022-9-21,19,A6_CviMVP_PlDNA_3_SG.sharedLotterhosPuritz_3007_8a86f2f3,12_A6_CviMVP_PlDNA_3_SG.sharedLotterhosPuritz_3007_8a86f2f3_Dermo,1,0.13,Positive,FALSE,11010.75158,3,Positive,2
12,A05,FAM,Unkn-09,NA,0,0,Dermo,A7_CviMVP_PlDNA_3_SG.sharedLotterhosPuritz_1769_28e6bcda,CviMVP_12339,DWS_CB_VA_2022-10-7,20,A7_CviMVP_PlDNA_3_SG.sharedLotterhosPuritz_1769_28e6bcda,12_A7_CviMVP_PlDNA_3_SG.sharedLotterhosPuritz_1769_28e6bcda_Dermo,1,NA,Negative,FALSE,0,0,Negative,0
12,A07,FAM,Unkn-17,39.43,38.46,0,Dermo,A8_CviMVP_PlDNA_3_SG_1234_3dfd6aa1,CviMVP_10784,CC_VA_2022-7-11,20,A8_CviMVP_PlDNA_3_SG_1234_3dfd6aa1,12_A8_CviMVP_PlDNA_3_SG_1234_3dfd6aa1_Dermo,1,1.94,Positive,FALSE,0,0,Negative,0
12,A09,FAM,Unkn-25,26.56,26.68,0,Dermo,A9_CviMVP_PlDNA_3_SG_1159_a3a06726,CviMVP_10579,SkR_GA_2022-6-14,20,A9_CviMVP_PlDNA_3_SG_1159_a3a06726,12_A9_CviMVP_PlDNA_3_SG_1159_a3a06726_Dermo,1,0.24,Positive,FALSE,0,0,Positive,1
12,B05,FAM,Unkn-10,NA,0,0,Dermo,B7_CviMVP_PlDNA_3_SG_1092_7cb45c20,CviMVP_10417,GalBay_TX_2022-6-2,22,B7_CviMVP_PlDNA_3_SG_1092_7cb45c20,12_B7_CviMVP_PlDNA_3_SG_1092_7cb45c20_Dermo,1,NA,Negative,FALSE,0,0,Negative,0
12,B07,FAM,Unkn-18,30.15,30.07,0,Dermo,B8_CviMVP_PlDNA_3_SG.sharedLotterhosPuritz_1536_2cb8b409,CviMVP_11656,DC_NB_RI_2022-8-19,20,B8_CviMVP_PlDNA_3_SG.sharedLotterhosPuritz_1536_2cb8b409,12_B8_CviMVP_PlDNA_3_SG.sharedLotterhosPuritz_1536_2cb8b409_Dermo,1,0.15,Positive,FALSE,0,0,Positive,1
12,B11,FAM,Unkn-33,NA,0,0,Dermo,A10_CviMVP_PlDNA_3_SG_1015_9b0b22ae,CviMVP_10018,LakeFortuna_LA_2022-5-11,20,A10_CviMVP_PlDNA_3_SG_1015_9b0b22ae,12_A10_CviMVP_PlDNA_3_SG_1015_9b0b22ae_Dermo,1,NA,Negative,FALSE,0,0,Negative,0
12,C05,FAM,Unkn-11,NA,0,0,Dermo,C7_CviMVP_PlDNA_3_SG_1089_171c56fe,CviMVP_10411,GalBay_TX_2022-6-2,22,C7_CviMVP_PlDNA_3_SG_1089_171c56fe,12_C7_CviMVP_PlDNA_3_SG_1089_171c56fe_Dermo,1,NA,Negative,FALSE,0,0,Negative,0
12,C07,FAM,Unkn-19,22.21,22.17,6e-05,Dermo,C8_CviMVP_PlDNA_3_SG_1257_2d61b6c8,CviMVP_10849,CC_VA_2022-7-11,18,C8_CviMVP_PlDNA_3_SG_1257_2d61b6c8,12_C8_CviMVP_PlDNA_3_SG_1257_2d61b6c8_Dermo,1,0.09,Positive,FALSE,23244.92,3,Positive,3
12,C11,FAM,Unkn-34,36.39,35.86,0,Dermo,B10_CviMVP_PlDNA_3_SG_1410_f5b0a7bd,CviMVP_11288,GriceCove_SC_2022-8-10,20,B10_CviMVP_PlDNA_3_SG_1410_f5b0a7bd,12_B10_CviMVP_PlDNA_3_SG_1410_f5b0a7bd_Dermo,1,1.06,Positive,FALSE,0,0,Positive,1
12,D03,FAM,Unkn-04,26.02,25.88,1e-05,Dermo,D6_CviMVP_PlDNA_3_SG_1156_42f64b98,CviMVP_10572,SkR_GA_2022-6-14,22,D6_CviMVP_PlDNA_3_SG_1156_42f64b98,12_D6_CviMVP_PlDNA_3_SG_1156_42f64b98_Dermo,1,0.29,Positive,FALSE,3169.761818,2,Positive,1
12,D05,FAM,Unkn-12,25.39,25.45,1e-05,Dermo,D7_CviMVP_PlDNA_3_SG.sharedLotterhosPuritz_1738_63fe4ba4,CviMVP_12247,WS_CB_VA_2022-10-7,22,D7_CviMVP_PlDNA_3_SG.sharedLotterhosPuritz_1738_63fe4ba4,12_D7_CviMVP_PlDNA_3_SG.sharedLotterhosPuritz_1738_63fe4ba4_Dermo,1,0.12,Positive,FALSE,3169.761818,2,Positive,1
12,D09,FAM,Unkn-28,NA,0,0,Dermo,D9_CviMVP_PlDNA_3_SG_1649_66175ee3,CviMVP_11987,SaltBay_Canada_2022-9-27,20,D9_CviMVP_PlDNA_3_SG_1649_66175ee3,12_D9_CviMVP_PlDNA_3_SG_1649_66175ee3_Dermo,1,NA,Negative,FALSE,0,0,Negative,0
12,E05,FAM,Unkn-13,NA,0,0,Dermo,E7_CviMVP_PlDNA_3_SG_1821_7af88346,CviMVP_12494,PrEdIs_CN_A_2022-10-18,22,E7_CviMVP_PlDNA_3_SG_1821_7af88346,12_E7_CviMVP_PlDNA_3_SG_1821_7af88346_Dermo,1,NA,Negative,FALSE,0,0,Negative,0
12,E07,FAM,Unkn-21,NA,0,0,Dermo,E8_CviMVP_PlDNA_3_SG_1818_5a48bf6b,CviMVP_12485,PrEdIs_CN_A_2022-10-18,19,E8_CviMVP_PlDNA_3_SG_1818_5a48bf6b,12_E8_CviMVP_PlDNA_3_SG_1818_5a48bf6b_Dermo,1,NA,Negative,FALSE,0,0,Negative,0
12,E09,FAM,Unkn-29,NA,0,0,Dermo,E9_CviMVP_PlDNA_3_SG_1026_d9b276d4,CviMVP_10060,LakeFortuna_LA_2022-5-11,20,E9_CviMVP_PlDNA_3_SG_1026_d9b276d4,12_E9_CviMVP_PlDNA_3_SG_1026_d9b276d4_Dermo,1,NA,Negative,FALSE,0,0,Negative,0
12,E11,FAM,Unkn-36,25.22,25.1,1e-05,Dermo,D10_CviMVP_PlDNA_3_SG_1201_90dd9abc,CviMVP_10690,TP_TX_2022-6-28,22,D10_CviMVP_PlDNA_3_SG_1201_90dd9abc,12_D10_CviMVP_PlDNA_3_SG_1201_90dd9abc_Dermo,1,0.23,Positive,FALSE,3169.761818,2,Positive,1
12,F03,FAM,Unkn-06,37.97,38.41,0,Dermo,G6_CviMVP_PlDNA_3_SG_1128_2985a17f,CviMVP_10502,FP_Sav_GA_2022-6-10,19,G6_CviMVP_PlDNA_3_SG_1128_2985a17f,12_G6_CviMVP_PlDNA_3_SG_1128_2985a17f_Dermo,1,0.88,Positive,FALSE,0,0,Negative,0
12,F05,FAM,Unkn-14,NA,0,0,Dermo,F7_CviMVP_PlDNA_3_SG_1353_99c23436,CviMVP_11127,Nickle_Rf_LA_2022-8-1,21,F7_CviMVP_PlDNA_3_SG_1353_99c23436,12_F7_CviMVP_PlDNA_3_SG_1353_99c23436_Dermo,1,NA,Negative,FALSE,0,0,Negative,0
12,F07,FAM,Unkn-22,NA,0,0,Dermo,F8_CviMVP_PlDNA_3_SG_1362_e986275b,CviMVP_11154,Nickle_Rf_LA_2022-8-1,22,F8_CviMVP_PlDNA_3_SG_1362_e986275b,12_F8_CviMVP_PlDNA_3_SG_1362_e986275b_Dermo,1,NA,Negative,FALSE,0,0,Negative,0
12,G03,FAM,Unkn-07,NA,0,0,Dermo,H6_CviMVP_PlDNA_3_SG_1922_42af2f75,CviMVP_12785,Orrs_Cove_ME_2022-10-31,21,H6_CviMVP_PlDNA_3_SG_1922_42af2f75,12_H6_CviMVP_PlDNA_3_SG_1922_42af2f75_Dermo,1,NA,Negative,FALSE,0,0,Negative,0
12,G05,FAM,Unkn-15,28.52,28.48,0,Dermo,G7_CviMVP_PlDNA_3_SG_1690_7193fce4,CviMVP_12106,SaLa_GA_2022-10-5,21,G7_CviMVP_PlDNA_3_SG_1690_7193fce4,12_G7_CviMVP_PlDNA_3_SG_1690_7193fce4_Dermo,1,0.08,Positive,FALSE,0,0,Positive,1
12,G07,FAM,Unkn-23,26.71,26.78,0,Dermo,G8_CviMVP_PlDNA_3_SG.sharedLotterhosPuritz_1731_ec34a354,CviMVP_12226,WS_CB_VA_2022-10-7,22,G8_CviMVP_PlDNA_3_SG.sharedLotterhosPuritz_1731_ec34a354,12_G8_CviMVP_PlDNA_3_SG.sharedLotterhosPuritz_1731_ec34a354_Dermo,1,0.15,Positive,FALSE,0,0,Positive,1
12,H03,FAM,Unkn-08,26.08,26.08,1e-05,Dermo,E11_CviMVP_PlDNA_3_SG_1319_f6abf4f5,CviMVP_11027,Mer_GA_2022-7-26,20,E11_CviMVP_PlDNA_3_SG_1319_f6abf4f5,12_E11_CviMVP_PlDNA_3_SG_1319_f6abf4f5_Dermo,1,0,Positive,FALSE,3486.738,2,Positive,1
12,H05,FAM,Unkn-16,NA,0,0,Dermo,H7_CviMVP_PlDNA_3_SG_1895_7630aa9e,CviMVP_12707,DC_DR_ME_2022-10-25,22,H7_CviMVP_PlDNA_3_SG_1895_7630aa9e,12_H7_CviMVP_PlDNA_3_SG_1895_7630aa9e_Dermo,1,NA,Negative,FALSE,0,0,Negative,0
12,H07,FAM,Unkn-24,29.06,29.13,0,Dermo,H8_CviMVP_PlDNA_3_SG.sharedLotterhosPuritz_1511_e7286bb7,CviMVP_11582,DC_NB_RI_2022-8-19,22,H8_CviMVP_PlDNA_3_SG.sharedLotterhosPuritz_1511_e7286bb7,12_H8_CviMVP_PlDNA_3_SG.sharedLotterhosPuritz_1511_e7286bb7_Dermo,1,0.14,Positive,FALSE,0,0,Positive,1
12,H09,FAM,Unkn-32,NA,0,0,Dermo,H9_CviMVP_PlDNA_3_SG_1636_e34f2d48,CviMVP_11948,SaltBay_Canada_2022-9-27,22,H9_CviMVP_PlDNA_3_SG_1636_e34f2d48,12_H9_CviMVP_PlDNA_3_SG_1636_e34f2d48_Dermo,1,NA,Negative,FALSE,0,0,Negative,0
13,A03,FAM,Unkn-01,NA,0,0,Dermo,A11_CviMVP_PlDNA_3_SG_1911_4c46219c,CviMVP_12753,Orrs_Cove_ME_2022-10-31,20,A11_CviMVP_PlDNA_3_SG_1911_4c46219c,13_A11_CviMVP_PlDNA_3_SG_1911_4c46219c_Dermo,1,NA,Negative,FALSE,0,0,Negative,0
13,A05,FAM,Unkn-09,37.4,37.99,0,Dermo,A12_CviMVP_PlDNA_3_SG_1338_95293c8f,CviMVP_11083,Mer_GA_2022-7-26,22,A12_CviMVP_PlDNA_3_SG_1338_95293c8f,13_A12_CviMVP_PlDNA_3_SG_1338_95293c8f_Dermo,1,1.18,Positive,FALSE,0,0,Negative,0
13,A07,FAM,Unkn-17,20.13,19.99,0.00015,Dermo,A1_CviMVP_PlDNA_4_SG_1693_d7a2129b,CviMVP_12115,SaLa_GA_2022-10-5,20,A1_CviMVP_PlDNA_4_SG_1693_d7a2129b,13_A1_CviMVP_PlDNA_4_SG_1693_d7a2129b_Dermo,1,0.29,Positive,FALSE,52301.07,3,Positive,3
13,A09,FAM,Unkn-25,22.13,21.84,5e-05,Dermo,A2_CviMVP_PlDNA_4_SG_1342_d2854e5c,CviMVP_11104,Mer_GA_2022-7-26,19,A2_CviMVP_PlDNA_4_SG_1342_d2854e5c,13_A2_CviMVP_PlDNA_4_SG_1342_d2854e5c_Dermo,1,0.58,Positive,FALSE,18351.25263,3,Positive,3
13,B03,FAM,Unkn-02,29.4,29.36,0,Dermo,B11_CviMVP_PlDNA_3_SG_1601_e0aa9062,CviMVP_11844,SawIs_MA_2022-9-5,22,B11_CviMVP_PlDNA_3_SG_1601_e0aa9062,13_B11_CviMVP_PlDNA_3_SG_1601_e0aa9062_Dermo,1,0.07,Positive,FALSE,0,0,Positive,1
13,B05,FAM,Unkn-10,29.31,29.2,0,Dermo,B12_CviMVP_PlDNA_3_SG_1102_48c637c3,CviMVP_10448,CB_TX_2022-6-9,19,B12_CviMVP_PlDNA_3_SG_1102_48c637c3,13_B12_CviMVP_PlDNA_3_SG_1102_48c637c3_Dermo,1,0.23,Positive,FALSE,0,0,Positive,1
13,B07,FAM,Unkn-18,27.28,27.12,0,Dermo,B1_CviMVP_PlDNA_4_SG_1057_08412b0c,CviMVP_10319,OL_MI_SC_2022-5-31,20,B1_CviMVP_PlDNA_4_SG_1057_08412b0c,13_B1_CviMVP_PlDNA_4_SG_1057_08412b0c_Dermo,1,0.33,Positive,FALSE,0,0,Positive,1
13,B09,FAM,Unkn-26,29.58,29.42,0,Dermo,C2_CviMVP_PlDNA_4_SG.sharedLotterhosPuritz_1482_55e8412d,CviMVP_11496,NR_NB_RI_2022-8-19,22,C2_CviMVP_PlDNA_4_SG.sharedLotterhosPuritz_1482_55e8412d,13_C2_CviMVP_PlDNA_4_SG.sharedLotterhosPuritz_1482_55e8412d_Dermo,1,0.32,Positive,FALSE,0,0,Positive,1
13,C03,FAM,Unkn-03,24.74,24.82,1e-05,Dermo,C11_CviMVP_PlDNA_3_SG_1330_1af8467d,CviMVP_11059,Mer_GA_2022-7-26,21,C11_CviMVP_PlDNA_3_SG_1330_1af8467d,13_C11_CviMVP_PlDNA_3_SG_1330_1af8467d_Dermo,1,0.16,Positive,FALSE,3320.702857,2,Positive,2
13,C05,FAM,Unkn-11,NA,0,0,Dermo,C12_CviMVP_PlDNA_3_SG_1361_9b1f4445,CviMVP_11151,Nickle_Rf_LA_2022-8-1,21,C12_CviMVP_PlDNA_3_SG_1361_9b1f4445,13_C12_CviMVP_PlDNA_3_SG_1361_9b1f4445_Dermo,1,NA,Negative,FALSE,0,0,Negative,0
13,C07,FAM,Unkn-19,37.45,37.06,0,Dermo,C1_CviMVP_PlDNA_4_SG_1205_ae001ab4,CviMVP_10702,TP_TX_2022-6-28,21,C1_CviMVP_PlDNA_4_SG_1205_ae001ab4,13_C1_CviMVP_PlDNA_4_SG_1205_ae001ab4_Dermo,1,0.77,Positive,FALSE,0,0,Negative,0
13,C09,FAM,Unkn-27,NA,0,0,Dermo,D2_CviMVP_PlDNA_4_SG.sharedLotterhosPuritz_3056_728390bb,CviMVP_30165,HC_DB_NJ_2022-9-23,18,D2_CviMVP_PlDNA_4_SG.sharedLotterhosPuritz_3056_728390bb,13_D2_CviMVP_PlDNA_4_SG.sharedLotterhosPuritz_3056_728390bb_Dermo,1,NA,Negative,FALSE,0,0,Negative,0
13,D03,FAM,Unkn-04,24.66,24.68,1e-05,Dermo,D11_CviMVP_PlDNA_3_SG_1109_d2a7f6ab,CviMVP_10463,CB_TX_2022-6-9,22,D11_CviMVP_PlDNA_3_SG_1109_d2a7f6ab,13_D11_CviMVP_PlDNA_3_SG_1109_d2a7f6ab_Dermo,1,0.03,Positive,FALSE,3169.761818,2,Positive,2
13,D05,FAM,Unkn-12,NA,0,0,Dermo,D12_CviMVP_PlDNA_3_SG_1829_bda513f5,CviMVP_12515,PrEdIs_CN_A_2022-10-18,20,D12_CviMVP_PlDNA_3_SG_1829_bda513f5,13_D12_CviMVP_PlDNA_3_SG_1829_bda513f5_Dermo,1,NA,Negative,FALSE,0,0,Negative,0
13,D07,FAM,Unkn-20,NA,0,0,Dermo,D1_CviMVP_PlDNA_4_SG_1638_de9fb8f5,CviMVP_11954,SaltBay_Canada_2022-9-27,19,D1_CviMVP_PlDNA_4_SG_1638_de9fb8f5,13_D1_CviMVP_PlDNA_4_SG_1638_de9fb8f5_Dermo,1,NA,Negative,FALSE,0,0,Negative,0
13,D11,FAM,Unkn-35,31.14,31.03,0,Dermo,C3_CviMVP_PlDNA_4_SG_1148_e01548b2,CviMVP_10552,FP_Sav_GA_2022-6-10,22,C3_CviMVP_PlDNA_4_SG_1148_e01548b2,13_C3_CviMVP_PlDNA_4_SG_1148_e01548b2_Dermo,1,0.21,Positive,FALSE,0,0,Positive,1
13,E03,FAM,Unkn-05,22.88,22.92,3e-05,Dermo,F11_CviMVP_PlDNA_3_SG.sharedLotterhosPuritz_1745_f187941c,CviMVP_12267,WS_CB_VA_2022-10-7,22,F11_CviMVP_PlDNA_3_SG.sharedLotterhosPuritz_1745_f187941c,13_F11_CviMVP_PlDNA_3_SG.sharedLotterhosPuritz_1745_f187941c_Dermo,1,0.07,Positive,FALSE,9509.285455,2,Positive,3
13,E05,FAM,Unkn-13,NA,0,0,Dermo,E12_CviMVP_PlDNA_3_SG_1175_7417dc30,CviMVP_10615,Culch_Ba_LA_2022-6-21,18,E12_CviMVP_PlDNA_3_SG_1175_7417dc30,13_E12_CviMVP_PlDNA_3_SG_1175_7417dc30_Dermo,1,NA,Negative,FALSE,0,0,Negative,0
13,E09,FAM,Unkn-29,NA,0,0,Dermo,F2_CviMVP_PlDNA_4_SG_1123_53aae46e,CviMVP_10492,CB_TX_2022-6-9,20,F2_CviMVP_PlDNA_4_SG_1123_53aae46e,13_F2_CviMVP_PlDNA_4_SG_1123_53aae46e_Dermo,1,NA,Negative,FALSE,0,0,Negative,0
13,E11,FAM,Unkn-36,22.28,22.31,4e-05,Dermo,D3_CviMVP_PlDNA_4_SG_1311_59f9dad6,CviMVP_11003,Sapelo_Is_GA_2022-7-17,19,D3_CviMVP_PlDNA_4_SG_1311_59f9dad6,13_D3_CviMVP_PlDNA_4_SG_1311_59f9dad6_Dermo,1,0.06,Positive,FALSE,14681.00211,3,Positive,3
13,F03,FAM,Unkn-06,31.35,31.6,0,Dermo,G11_CviMVP_PlDNA_3_SG_1097_01d67bb5,CviMVP_10438,GalBay_TX_2022-6-2,18,G11_CviMVP_PlDNA_3_SG_1097_01d67bb5,13_G11_CviMVP_PlDNA_3_SG_1097_01d67bb5_Dermo,1,0.5,Positive,FALSE,0,0,Positive,1
13,F05,FAM,Unkn-14,19.23,19.21,0.00023,Dermo,F12_CviMVP_PlDNA_3_SG.sharedLotterhosPuritz_1719_c3f350c9,CviMVP_12190,WS_CB_VA_2022-10-7,22,F12_CviMVP_PlDNA_3_SG.sharedLotterhosPuritz_1719_c3f350c9,13_F12_CviMVP_PlDNA_3_SG.sharedLotterhosPuritz_1719_c3f350c9_Dermo,1,0.05,Positive,FALSE,72904.52182,3,Positive,3
13,F07,FAM,Unkn-22,37.12,36.95,0,Dermo,F1_CviMVP_PlDNA_4_SG_1336_9bdae747,CviMVP_11077,Mer_GA_2022-7-26,18,F1_CviMVP_PlDNA_4_SG_1336_9bdae747,13_F1_CviMVP_PlDNA_4_SG_1336_9bdae747_Dermo,1,0.35,Positive,FALSE,0,0,Positive,1
13,F09,FAM,Unkn-30,NA,0,0,Dermo,F10_CviMVP_PlDNA_3_SG.sharedLotterhosPuritz_3015_1562c46c,CviMVP_30045,CS_DB_NJ_2022-9-21,22,F10_CviMVP_PlDNA_3_SG.sharedLotterhosPuritz_3015_1562c46c,13_F10_CviMVP_PlDNA_3_SG.sharedLotterhosPuritz_3015_1562c46c_Dermo,1,NA,Negative,FALSE,0,0,Negative,0
13,F11,FAM,Unkn-37,36.03,36.7,0,Dermo,E3_CviMVP_PlDNA_4_SG_1553_e2b0c8f8,CviMVP_11707,CPR_MS_AL_2022-8-24,22,E3_CviMVP_PlDNA_4_SG_1553_e2b0c8f8,13_E3_CviMVP_PlDNA_4_SG_1553_e2b0c8f8_Dermo,1,1.35,Positive,FALSE,0,0,Positive,1
13,G03,FAM,Unkn-07,31.07,31.12,0,Dermo,H11_CviMVP_PlDNA_3_SG_1130_d4280f98,CviMVP_10506,FP_Sav_GA_2022-6-10,21,H11_CviMVP_PlDNA_3_SG_1130_d4280f98,13_H11_CviMVP_PlDNA_3_SG_1130_d4280f98_Dermo,1,0.11,Positive,FALSE,0,0,Positive,1
13,G05,FAM,Unkn-15,NA,0,0,Dermo,G12_CviMVP_PlDNA_3_SG_1194_879483b0,CviMVP_10670,Culch_Ba_LA_2022-6-21,22,G12_CviMVP_PlDNA_3_SG_1194_879483b0,13_G12_CviMVP_PlDNA_3_SG_1194_879483b0_Dermo,1,NA,Negative,FALSE,0,0,Negative,0
13,G07,FAM,Unkn-23,NA,0,0,Dermo,G5_CviMVP_PlDNA_3_SG_1204_0821edd3,CviMVP_10699,TP_TX_2022-6-28,22,G5_CviMVP_PlDNA_3_SG_1204_0821edd3,13_G5_CviMVP_PlDNA_3_SG_1204_0821edd3_Dermo,1,NA,Negative,FALSE,0,0,Negative,0
13,G09,FAM,Unkn-31,33,32.88,0,Dermo,G10_CviMVP_PlDNA_3_SG_1324_0c891359,CviMVP_11042,Mer_GA_2022-7-26,20,G10_CviMVP_PlDNA_3_SG_1324_0c891359,13_G10_CviMVP_PlDNA_3_SG_1324_0c891359_Dermo,1,0.24,Positive,FALSE,0,0,Positive,1
13,H07,FAM,Unkn-24,NA,0,0,Dermo,H5_CviMVP_PlDNA_3_SG_1634_af27b8b9,CviMVP_11942,SaltBay_Canada_2022-9-27,21,H5_CviMVP_PlDNA_3_SG_1634_af27b8b9,13_H5_CviMVP_PlDNA_3_SG_1634_af27b8b9_Dermo,1,NA,Negative,FALSE,0,0,Negative,0
13,H09,FAM,Unkn-32,NA,0,0,Dermo,H10_CviMVP_PlDNA_3_SG.sharedLotterhosPuritz_3053_b1bf0ddb,CviMVP_30156,HC_DB_NJ_2022-9-23,21,H10_CviMVP_PlDNA_3_SG.sharedLotterhosPuritz_3053_b1bf0ddb,13_H10_CviMVP_PlDNA_3_SG.sharedLotterhosPuritz_3053_b1bf0ddb_Dermo,1,NA,Negative,FALSE,0,0,Negative,0
14,A03,FAM,Unkn-01,31.55,31.55,0,Dermo,B1_CviMVP_PlDNA_7_SG_1295_57606ad7,CviMVP_10957,Sapelo_Is_GA_2022-7-17,20,B1_CviMVP_PlDNA_7_SG_1295_57606ad7,14_B1_CviMVP_PlDNA_7_SG_1295_57606ad7_Dermo,1,0.01,Positive,FALSE,0,0,Positive,1
14,A05,FAM,Unkn-09,23.4,23.39,2e-05,Dermo,A12_CviMVP_PlDNA_7_SG_1416_1225a415,CviMVP_11305,GriceCove_SC_2022-8-10,18,A12_CviMVP_PlDNA_7_SG_1416_1225a415,14_A12_CviMVP_PlDNA_7_SG_1416_1225a415_Dermo,1,0.01,Positive,FALSE,7748.306667,2,Positive,2
14,A07,FAM,Unkn-17,NA,0,0,Dermo,C11_CviMVP_PlDNA_8_SG_1914_2afde6ae,CviMVP_12768,Orrs_Cove_ME_2022-10-31,23,C11_CviMVP_PlDNA_8_SG_1914_2afde6ae,14_C11_CviMVP_PlDNA_8_SG_1914_2afde6ae_Dermo,1,NA,Negative,FALSE,0,0,Negative,0
14,B03,FAM,Unkn-02,28.37,28.37,0,Dermo,D1_CviMVP_PlDNA_7_SG.sharedLotterhosPuritz_1739_86d6dd29,CviMVP_12250,WS_CB_VA_2022-10-7,20,D1_CviMVP_PlDNA_7_SG.sharedLotterhosPuritz_1739_86d6dd29,14_D1_CviMVP_PlDNA_7_SG.sharedLotterhosPuritz_1739_86d6dd29_Dermo,1,0.01,Positive,FALSE,0,0,Positive,1
14,B05,FAM,Unkn-10,33.95,34,0,Dermo,C12_CviMVP_PlDNA_7_SG.sharedLotterhosPuritz_1529_cea1f7ed,CviMVP_11635,DC_NB_RI_2022-8-19,20,C12_CviMVP_PlDNA_7_SG.sharedLotterhosPuritz_1529_cea1f7ed,14_C12_CviMVP_PlDNA_7_SG.sharedLotterhosPuritz_1529_cea1f7ed_Dermo,1,0.09,Positive,FALSE,0,0,Positive,1
14,B07,FAM,Unkn-18,27.31,27.29,0,Dermo,D11_CviMVP_PlDNA_8_SG_1792_ce78a1ce,CviMVP_12408,NPS_PS_NC_2022-10-12,22,D11_CviMVP_PlDNA_8_SG_1792_ce78a1ce,14_D11_CviMVP_PlDNA_8_SG_1792_ce78a1ce_Dermo,1,0.05,Positive,FALSE,0,0,Positive,1
14,B09,FAM,Unkn-26,33.71,33.96,0,Dermo,E10_CviMVP_PlDNA_8_SG_1928_e5d81d6d,CviMVP_12803,UNCW_MS_NC_2023-7-17,18,E10_CviMVP_PlDNA_8_SG_1928_e5d81d6d,14_E10_CviMVP_PlDNA_8_SG_1928_e5d81d6d_Dermo,1,0.51,Positive,FALSE,0,0,Positive,1
14,B11,FAM,Unkn-33,35.29,35.01,0,Dermo,A10_CviMVP_PlDNA_8_SG.sharedLotterhosPuritz_1777_59910a02,CviMVP_12363,DWS_CB_VA_2022-10-7,20,A10_CviMVP_PlDNA_8_SG.sharedLotterhosPuritz_1777_59910a02,14_A10_CviMVP_PlDNA_8_SG.sharedLotterhosPuritz_1777_59910a02_Dermo,1,0.56,Positive,FALSE,0,0,Positive,1
14,C03,FAM,Unkn-03,27.98,27.97,0,Dermo,E1_CviMVP_PlDNA_7_SG_1572_cb4e0fea,CviMVP_11762,KP_FGR_FL_2022-8-23,20,E1_CviMVP_PlDNA_7_SG_1572_cb4e0fea,14_E1_CviMVP_PlDNA_7_SG_1572_cb4e0fea_Dermo,1,0.02,Positive,FALSE,0,0,Positive,1
14,C07,FAM,Unkn-19,26.37,26.31,0,Dermo,E11_CviMVP_PlDNA_8_SG_1951_9c0cb988,CviMVP_12872,UNCW_MS_NC_2023-7-17,21,E11_CviMVP_PlDNA_8_SG_1951_9c0cb988,14_E11_CviMVP_PlDNA_8_SG_1951_9c0cb988_Dermo,1,0.13,Positive,FALSE,0,0,Positive,1
14,C09,FAM,Unkn-27,NA,0,0,Dermo,F10_CviMVP_PlDNA_8_SG.sharedLotterhosPuritz_3024_46a33a07,CviMVP_30072,CS_DB_NJ_2022-9-21,22,F10_CviMVP_PlDNA_8_SG.sharedLotterhosPuritz_3024_46a33a07,14_F10_CviMVP_PlDNA_8_SG.sharedLotterhosPuritz_3024_46a33a07_Dermo,1,NA,Negative,FALSE,0,0,Negative,0
14,C11,FAM,Unkn-34,31.25,31.27,0,Dermo,B10_CviMVP_PlDNA_8_SG_1983_1d443376,CviMVP_12968,FFJ_CF_NC_2023-7-19,20,B10_CviMVP_PlDNA_8_SG_1983_1d443376,14_B10_CviMVP_PlDNA_8_SG_1983_1d443376_Dermo,1,0.04,Positive,FALSE,0,0,Positive,1
14,D03,FAM,Unkn-04,37.9,38.02,0,Dermo,G1_CviMVP_PlDNA_7_SG_1134_4679beda,CviMVP_10514,FP_Sav_GA_2022-6-10,20,G1_CviMVP_PlDNA_7_SG_1134_4679beda,14_G1_CviMVP_PlDNA_7_SG_1134_4679beda_Dermo,1,0.24,Positive,FALSE,0,0,Negative,0
14,D05,FAM,Unkn-12,29.41,29.44,0,Dermo,E10_CviMVP_PlDNA_7_SG_1167_666608b2,CviMVP_10596,SkR_GA_2022-6-14,21,E10_CviMVP_PlDNA_7_SG_1167_666608b2,14_E10_CviMVP_PlDNA_7_SG_1167_666608b2_Dermo,1,0.06,Positive,FALSE,0,0,Positive,1
14,D09,FAM,Unkn-28,25.46,25.37,1e-05,Dermo,G10_CviMVP_PlDNA_8_SG_1044_2065a9df,CviMVP_10285,OL_MI_SC_2022-5-31,19,G10_CviMVP_PlDNA_8_SG_1044_2065a9df,14_G10_CviMVP_PlDNA_8_SG_1044_2065a9df_Dermo,1,0.18,Positive,FALSE,3670.250526,2,Positive,1
14,D11,FAM,Unkn-35,32.79,33.13,0,Dermo,C10_CviMVP_PlDNA_8_SG_1936_1b3e42a8,CviMVP_12827,UNCW_MS_NC_2023-7-17,20,C10_CviMVP_PlDNA_8_SG_1936_1b3e42a8,14_C10_CviMVP_PlDNA_8_SG_1936_1b3e42a8_Dermo,1,0.68,Positive,FALSE,0,0,Positive,1
14,E03,FAM,Unkn-05,27.73,27.69,0,Dermo,A2_CviMVP_PlDNA_7_SG_1277_56f3e487,CviMVP_10906,LM_TX_2022-7-10,20,A2_CviMVP_PlDNA_7_SG_1277_56f3e487,14_A2_CviMVP_PlDNA_7_SG_1277_56f3e487_Dermo,1,0.08,Positive,FALSE,0,0,Positive,1
14,E05,FAM,Unkn-13,NA,0,0,Dermo,F10_CviMVP_PlDNA_7_SG_1682_9f835dac,CviMVP_12084,EelLake_Canada_2022-9-27,21,F10_CviMVP_PlDNA_7_SG_1682_9f835dac,14_F10_CviMVP_PlDNA_7_SG_1682_9f835dac_Dermo,1,NA,Negative,FALSE,0,0,Negative,0
14,E07,FAM,Unkn-21,34.26,34.3,0,Dermo,G11_CviMVP_PlDNA_8_SG_1096_6f8b4b94,CviMVP_10435,GalBay_TX_2022-6-2,21,G11_CviMVP_PlDNA_8_SG_1096_6f8b4b94,14_G11_CviMVP_PlDNA_8_SG_1096_6f8b4b94_Dermo,1,0.08,Positive,FALSE,0,0,Positive,1
14,E09,FAM,Unkn-29,32.43,32.77,0,Dermo,H10_CviMVP_PlDNA_8_SG_1948_72ad7752,CviMVP_12863,UNCW_MS_NC_2023-7-17,20,H10_CviMVP_PlDNA_8_SG_1948_72ad7752,14_H10_CviMVP_PlDNA_8_SG_1948_72ad7752_Dermo,1,0.68,Positive,FALSE,0,0,Positive,1
14,E11,FAM,Unkn-36,38.57,37.89,0,Dermo,B12_CviMVP_PlDNA_8_SG_1036_906d5a68,CviMVP_10100,LakeFortuna_LA_2022-5-11,20,B12_CviMVP_PlDNA_8_SG_1036_906d5a68,14_B12_CviMVP_PlDNA_8_SG_1036_906d5a68_Dermo,1,1.36,Positive,FALSE,0,0,Negative,0
14,F05,FAM,Unkn-14,NA,0,0,Dermo,G10_CviMVP_PlDNA_7_SG_1873_24fd8078,CviMVP_12643,DC_DR_ME_2022-10-25,20,G10_CviMVP_PlDNA_7_SG_1873_24fd8078,14_G10_CviMVP_PlDNA_7_SG_1873_24fd8078_Dermo,1,NA,Negative,FALSE,0,0,Negative,0
14,F07,FAM,Unkn-22,33.58,33.58,0,Dermo,H11_CviMVP_PlDNA_8_SG_1329_10b5f219,CviMVP_11056,Mer_GA_2022-7-26,22,H11_CviMVP_PlDNA_8_SG_1329_10b5f219,14_H11_CviMVP_PlDNA_8_SG_1329_10b5f219_Dermo,1,0.01,Positive,FALSE,0,0,Positive,1
14,F09,FAM,Unkn-30,25.34,25.25,1e-05,Dermo,A12_CviMVP_PlDNA_8_SG_1154_0a8fa4a5,CviMVP_10568,SkR_GA_2022-6-14,18,A12_CviMVP_PlDNA_8_SG_1154_0a8fa4a5,14_A12_CviMVP_PlDNA_8_SG_1154_0a8fa4a5_Dermo,1,0.19,Positive,FALSE,3874.153333,2,Positive,1
14,F11,FAM,Unkn-37,27.8,27.65,0,Dermo,F12_CviMVP_PlDNA_8_SG_1053_950c6b7a,CviMVP_10308,OL_MI_SC_2022-5-31,20,F12_CviMVP_PlDNA_8_SG_1053_950c6b7a,14_F12_CviMVP_PlDNA_8_SG_1053_950c6b7a_Dermo,1,0.3,Positive,FALSE,0,0,Positive,1
14,G05,FAM,Unkn-15,29.51,29.68,0,Dermo,D8_CviMVP_PlDNA_7_SG.sharedLotterhosPuritz_1744_b7a36d63,CviMVP_12264,WS_CB_VA_2022-10-7,21,D8_CviMVP_PlDNA_7_SG.sharedLotterhosPuritz_1744_b7a36d63,14_D8_CviMVP_PlDNA_7_SG.sharedLotterhosPuritz_1744_b7a36d63_Dermo,1,0.34,Positive,FALSE,0,0,Positive,1
14,G09,FAM,Unkn-31,NA,0,0,Dermo,C12_CviMVP_PlDNA_8_SG_1122_c4a094b0,CviMVP_10491,CB_TX_2022-6-9,22,C12_CviMVP_PlDNA_8_SG_1122_c4a094b0,14_C12_CviMVP_PlDNA_8_SG_1122_c4a094b0_Dermo,1,NA,Negative,FALSE,0,0,Negative,0
14,H03,FAM,Unkn-08,36.13,35.96,0,Dermo,F4_CviMVP_PlDNA_7_SG_1407_9b09aa13,CviMVP_11281,GriceCove_SC_2022-8-10,18,F4_CviMVP_PlDNA_7_SG_1407_9b09aa13,14_F4_CviMVP_PlDNA_7_SG_1407_9b09aa13_Dermo,1,0.35,Positive,FALSE,0,0,Positive,1
14,H05,FAM,Unkn-16,37.56,37.25,0,Dermo,E8_CviMVP_PlDNA_7_SG_1223_70f8e33b,CviMVP_10752,TP_TX_2022-6-28,21,E8_CviMVP_PlDNA_7_SG_1223_70f8e33b,14_E8_CviMVP_PlDNA_7_SG_1223_70f8e33b_Dermo,1,0.63,Positive,FALSE,0,0,Negative,0
14,H07,FAM,Unkn-24,32.33,32.58,0,Dermo,B11_CviMVP_PlDNA_8_SG_1454_7119b428,CviMVP_11414,Cal_Lake_LA_2022-8-11,20,B11_CviMVP_PlDNA_8_SG_1454_7119b428,14_B11_CviMVP_PlDNA_8_SG_1454_7119b428_Dermo,1,0.49,Positive,FALSE,0,0,Positive,1
14,H09,FAM,Unkn-32,31.79,31.79,0,Dermo,D12_CviMVP_PlDNA_8_SG_1794_9f4a3c1c,CviMVP_12413,NPS_PS_NC_2022-10-12,20,D12_CviMVP_PlDNA_8_SG_1794_9f4a3c1c,14_D12_CviMVP_PlDNA_8_SG_1794_9f4a3c1c_Dermo,1,0,Positive,FALSE,0,0,Positive,1
15,A03,FAM,Unkn-01,20.14,20.15,8e-05,Dermo,B4_CviMVP_PlDNA_4_SG.sharedLotterhosPuritz_1718_655bf590,CviMVP_12187,WS_CB_VA_2022-10-7,19,B4_CviMVP_PlDNA_4_SG.sharedLotterhosPuritz_1718_655bf590,15_B4_CviMVP_PlDNA_4_SG.sharedLotterhosPuritz_1718_655bf590_Dermo,1,0.03,Positive,FALSE,29362.00421,3,Positive,3
15,A07,FAM,Unkn-17,27.15,27.03,0,Dermo,A6_CviMVP_PlDNA_4_SG_1692_8c38f7d5,CviMVP_12112,SaLa_GA_2022-10-5,19,A6_CviMVP_PlDNA_4_SG_1692_8c38f7d5,15_A6_CviMVP_PlDNA_4_SG_1692_8c38f7d5_Dermo,1,0.24,Positive,FALSE,0,0,Positive,1
15,A09,FAM,Unkn-25,28.36,28.38,0,Dermo,A7_CviMVP_PlDNA_4_SG_1309_dcb4787a,CviMVP_10997,Sapelo_Is_GA_2022-7-17,20,A7_CviMVP_PlDNA_4_SG_1309_dcb4787a,15_A7_CviMVP_PlDNA_4_SG_1309_dcb4787a_Dermo,1,0.04,Positive,FALSE,0,0,Positive,1
15,B05,FAM,Unkn-10,36.96,37.43,0,Dermo,B5_CviMVP_PlDNA_4_SG_1428_2fded98a,CviMVP_11338,GriceCove_SC_2022-8-10,20,B5_CviMVP_PlDNA_4_SG_1428_2fded98a,15_B5_CviMVP_PlDNA_4_SG_1428_2fded98a_Dermo,1,0.94,Positive,FALSE,0,0,Negative,0
15,B07,FAM,Unkn-18,27.3,27.14,0,Dermo,B6_CviMVP_PlDNA_4_SG_1344_f85703a0,CviMVP_11098,Mer_GA_2022-7-26,20,B6_CviMVP_PlDNA_4_SG_1344_f85703a0,15_B6_CviMVP_PlDNA_4_SG_1344_f85703a0_Dermo,1,0.32,Positive,FALSE,0,0,Positive,1
15,B09,FAM,Unkn-26,34.94,34.97,0,Dermo,C7_CviMVP_PlDNA_4_SG_1546_9204d62d,CviMVP_11686,CPR_MS_AL_2022-8-24,22,C7_CviMVP_PlDNA_4_SG_1546_9204d62d,15_C7_CviMVP_PlDNA_4_SG_1546_9204d62d_Dermo,1,0.06,Positive,FALSE,0,0,Positive,1
15,B11,FAM,Unkn-33,NA,0,0,Dermo,A8_CviMVP_PlDNA_4_SG_1363_34d018e7,CviMVP_11157,Nickle_Rf_LA_2022-8-1,22,A8_CviMVP_PlDNA_4_SG_1363_34d018e7,15_A8_CviMVP_PlDNA_4_SG_1363_34d018e7_Dermo,1,NA,Negative,FALSE,0,0,Negative,0
15,C05,FAM,Unkn-11,28.2,28.22,0,Dermo,C5_CviMVP_PlDNA_4_SG_1164_98eed981,CviMVP_10589,SkR_GA_2022-6-14,18,C5_CviMVP_PlDNA_4_SG_1164_98eed981,15_C5_CviMVP_PlDNA_4_SG_1164_98eed981_Dermo,1,0.05,Positive,FALSE,0,0,Positive,1
15,C07,FAM,Unkn-19,21.02,20.97,5e-05,Dermo,C6_CviMVP_PlDNA_4_SG_1712_2338a29d,CviMVP_12169,SaLa_GA_2022-10-5,18,C6_CviMVP_PlDNA_4_SG_1712_2338a29d,15_C6_CviMVP_PlDNA_4_SG_1712_2338a29d_Dermo,1,0.09,Positive,FALSE,19370.76667,3,Positive,3
15,C09,FAM,Unkn-27,37.38,36.43,0,Dermo,D7_CviMVP_PlDNA_4_SG.sharedLotterhosPuritz_1776_3c0d0ba6,CviMVP_12360,DWS_CB_VA_2022-10-7,20,D7_CviMVP_PlDNA_4_SG.sharedLotterhosPuritz_1776_3c0d0ba6,15_D7_CviMVP_PlDNA_4_SG.sharedLotterhosPuritz_1776_3c0d0ba6_Dermo,1,1.9,Positive,FALSE,0,0,Positive,1
15,C11,FAM,Unkn-34,39.04,38.63,0,Dermo,B8_CviMVP_PlDNA_4_SG.sharedLotterhosPuritz_1849_21c5f2d5,CviMVP_12571,LCP_UP_MD_2022-10-20,19,B8_CviMVP_PlDNA_4_SG.sharedLotterhosPuritz_1849_21c5f2d5,15_B8_CviMVP_PlDNA_4_SG.sharedLotterhosPuritz_1849_21c5f2d5_Dermo,1,0.82,Positive,FALSE,0,0,Negative,0
15,D03,FAM,Unkn-04,25.47,25.47,0,Dermo,E4_CviMVP_PlDNA_4_SG_1799_2e3fe4aa,CviMVP_12428,NPS_PS_NC_2022-10-12,21,E4_CviMVP_PlDNA_4_SG_1799_2e3fe4aa,15_E4_CviMVP_PlDNA_4_SG_1799_2e3fe4aa_Dermo,1,0.01,Positive,FALSE,0,0,Positive,1
15,D05,FAM,Unkn-12,NA,0,0,Dermo,D5_CviMVP_PlDNA_4_SG.sharedLotterhosPuritz_3038_a4e6ce98,CviMVP_30111,HC_DB_NJ_2022-9-23,20,D5_CviMVP_PlDNA_4_SG.sharedLotterhosPuritz_3038_a4e6ce98,15_D5_CviMVP_PlDNA_4_SG.sharedLotterhosPuritz_3038_a4e6ce98_Dermo,1,NA,Negative,FALSE,0,0,Negative,0
15,D07,FAM,Unkn-20,NA,0,0,Dermo,D6_CviMVP_PlDNA_4_SG_1046_dd6103a0,CviMVP_10290,OL_MI_SC_2022-5-31,22,D6_CviMVP_PlDNA_4_SG_1046_dd6103a0,15_D6_CviMVP_PlDNA_4_SG_1046_dd6103a0_Dermo,1,NA,Negative,FALSE,0,0,Negative,0
15,D09,FAM,Unkn-28,23.22,23.2,1e-05,Dermo,E7_CviMVP_PlDNA_4_SG.sharedLotterhosPuritz_1520_2ac7c9cd,CviMVP_11609,DC_NB_RI_2022-8-19,21,E7_CviMVP_PlDNA_4_SG.sharedLotterhosPuritz_1520_2ac7c9cd,15_E7_CviMVP_PlDNA_4_SG.sharedLotterhosPuritz_1520_2ac7c9cd_Dermo,1,0.04,Positive,FALSE,3320.702857,2,Positive,2
15,E03,FAM,Unkn-05,NA,0,0,Dermo,F4_CviMVP_PlDNA_4_SG_1827_43db5e47,CviMVP_12510,PrEdIs_CN_A_2022-10-18,20,F4_CviMVP_PlDNA_4_SG_1827_43db5e47,15_F4_CviMVP_PlDNA_4_SG_1827_43db5e47_Dermo,1,NA,Negative,FALSE,0,0,Negative,0
15,E07,FAM,Unkn-21,37.63,37.19,0,Dermo,F6_CviMVP_PlDNA_4_SG_1171_ec4b4908,CviMVP_10606,SkR_GA_2022-6-14,22,F6_CviMVP_PlDNA_4_SG_1171_ec4b4908,15_F6_CviMVP_PlDNA_4_SG_1171_ec4b4908_Dermo,1,0.88,Positive,FALSE,0,0,Negative,0
15,E09,FAM,Unkn-29,NA,0,0,Dermo,F7_CviMVP_PlDNA_4_SG_1064_8a94aafd,CviMVP_10341,OL_MI_SC_2022-5-31,20,F7_CviMVP_PlDNA_4_SG_1064_8a94aafd,15_F7_CviMVP_PlDNA_4_SG_1064_8a94aafd_Dermo,1,NA,Negative,FALSE,0,0,Negative,0
15,F03,FAM,Unkn-06,NA,0,0,Dermo,G4_CviMVP_PlDNA_4_SG_1198_980f6fe8,CviMVP_10682,Culch_Ba_LA_2022-6-21,20,G4_CviMVP_PlDNA_4_SG_1198_980f6fe8,15_G4_CviMVP_PlDNA_4_SG_1198_980f6fe8_Dermo,1,NA,Negative,FALSE,0,0,Negative,0
15,F07,FAM,Unkn-22,38.52,37.92,0,Dermo,H6_CviMVP_PlDNA_4_SG_1832_200cdfa7,CviMVP_12524,PrEdIs_CN_A_2022-10-18,19,H6_CviMVP_PlDNA_4_SG_1832_200cdfa7,15_H6_CviMVP_PlDNA_4_SG_1832_200cdfa7_Dermo,1,1.2,Positive,FALSE,0,0,Negative,0
15,F09,FAM,Unkn-30,36.44,36.47,0,Dermo,G7_CviMVP_PlDNA_4_SG_1548_a06e9f62,CviMVP_11692,CPR_MS_AL_2022-8-24,22,G7_CviMVP_PlDNA_4_SG_1548_a06e9f62,15_G7_CviMVP_PlDNA_4_SG_1548_a06e9f62_Dermo,1,0.07,Positive,FALSE,0,0,Positive,1
15,G03,FAM,Unkn-07,30.62,30.36,0,Dermo,H4_CviMVP_PlDNA_4_SG.sharedLotterhosPuritz_1514_53c65e35,CviMVP_11591,DC_NB_RI_2022-8-19,21,H4_CviMVP_PlDNA_4_SG.sharedLotterhosPuritz_1514_53c65e35,15_H4_CviMVP_PlDNA_4_SG.sharedLotterhosPuritz_1514_53c65e35_Dermo,1,0.52,Positive,FALSE,0,0,Positive,1
15,G05,FAM,Unkn-15,31.17,31.33,0,Dermo,G5_CviMVP_PlDNA_4_SG.sharedLotterhosPuritz_1488_d1de6993,CviMVP_11513,NR_NB_RI_2022-8-19,20,G5_CviMVP_PlDNA_4_SG.sharedLotterhosPuritz_1488_d1de6993,15_G5_CviMVP_PlDNA_4_SG.sharedLotterhosPuritz_1488_d1de6993_Dermo,1,0.32,Positive,FALSE,0,0,Positive,1
15,G07,FAM,Unkn-23,NA,0,0,Dermo,F8_CviMVP_PlDNA_4_SG.sharedLotterhosPuritz_1840_92caafa7,CviMVP_12544,LCP_UP_MD_2022-10-20,21,F8_CviMVP_PlDNA_4_SG.sharedLotterhosPuritz_1840_92caafa7,15_F8_CviMVP_PlDNA_4_SG.sharedLotterhosPuritz_1840_92caafa7_Dermo,1,NA,Negative,FALSE,0,0,Negative,0
15,G09,FAM,Unkn-31,NA,0,0,Dermo,H7_CviMVP_PlDNA_4_SG_1810_984f0d11,CviMVP_12461,PrEdIs_CN_A_2022-10-18,20,H7_CviMVP_PlDNA_4_SG_1810_984f0d11,15_H7_CviMVP_PlDNA_4_SG_1810_984f0d11_Dermo,1,NA,Negative,FALSE,0,0,Negative,0
15,H03,FAM,Unkn-08,24.87,24.72,1e-05,Dermo,F3_CviMVP_PlDNA_4_SG_1807_377a52b1,CviMVP_12452,NPS_PS_NC_2022-10-12,20,F3_CviMVP_PlDNA_4_SG_1807_377a52b1,15_F3_CviMVP_PlDNA_4_SG_1807_377a52b1_Dermo,1,0.3,Positive,FALSE,3486.738,2,Positive,2
15,H07,FAM,Unkn-24,34.33,34.64,0,Dermo,G8_CviMVP_PlDNA_4_SG_1442_9009f004,CviMVP_11379,Cal_Lake_LA_2022-8-11,18,G8_CviMVP_PlDNA_4_SG_1442_9009f004,15_G8_CviMVP_PlDNA_4_SG_1442_9009f004_Dermo,1,0.62,Positive,FALSE,0,0,Positive,1
15,H09,FAM,Unkn-32,24.65,24.62,1e-05,Dermo,H8_CviMVP_PlDNA_4_SG.sharedLotterhosPuritz_1845_1a32d8b0,CviMVP_12559,LCP_UP_MD_2022-10-20,20,H8_CviMVP_PlDNA_4_SG.sharedLotterhosPuritz_1845_1a32d8b0,15_H8_CviMVP_PlDNA_4_SG.sharedLotterhosPuritz_1845_1a32d8b0_Dermo,1,0.05,Positive,FALSE,3486.738,2,Positive,2
16,A03,FAM,Unkn-01,38.35,38.04,0,Dermo,A9_CviMVP_PlDNA_4_SG_1028_4e0fd7b2,CviMVP_10068,LakeFortuna_LA_2022-5-11,20,A9_CviMVP_PlDNA_4_SG_1028_4e0fd7b2,16_A9_CviMVP_PlDNA_4_SG_1028_4e0fd7b2_Dermo,1,0.62,Positive,FALSE,0,0,Negative,0
16,A05,FAM,Unkn-09,NA,0,0,Dermo,A10_CviMVP_PlDNA_4_SG_1902_8ccae1e5,CviMVP_12727,Orrs_Cove_ME_2022-10-31,21,A10_CviMVP_PlDNA_4_SG_1902_8ccae1e5,16_A10_CviMVP_PlDNA_4_SG_1902_8ccae1e5_Dermo,1,NA,Negative,FALSE,0,0,Negative,0
16,A07,FAM,Unkn-17,37.89,37.61,0,Dermo,A11_CviMVP_PlDNA_4_SG.sharedLotterhosPuritz_3001_63a6096b,CviMVP_30003,CS_DB_NJ_2022-9-21,21,A11_CviMVP_PlDNA_4_SG.sharedLotterhosPuritz_3001_63a6096b,16_A11_CviMVP_PlDNA_4_SG.sharedLotterhosPuritz_3001_63a6096b_Dermo,1,0.56,Positive,FALSE,0,0,Negative,0
16,A09,FAM,Unkn-25,36.38,36.76,0,Dermo,A12_CviMVP_PlDNA_4_SG_1292_2cab46d3,CviMVP_10949,Sapelo_Is_GA_2022-7-17,22,A12_CviMVP_PlDNA_4_SG_1292_2cab46d3,16_A12_CviMVP_PlDNA_4_SG_1292_2cab46d3_Dermo,1,0.75,Positive,FALSE,0,0,Positive,1
16,B03,FAM,Unkn-02,24.3,24.25,1e-05,Dermo,B9_CviMVP_PlDNA_4_SG_1414_8945336e,CviMVP_11296,GriceCove_SC_2022-8-10,21,B9_CviMVP_PlDNA_4_SG_1414_8945336e,16_B9_CviMVP_PlDNA_4_SG_1414_8945336e_Dermo,1,0.1,Positive,FALSE,3320.702857,2,Positive,2
16,B05,FAM,Unkn-10,NA,0,0,Dermo,C10_CviMVP_PlDNA_4_SG_1880_6331e3b6,CviMVP_12664,DC_DR_ME_2022-10-25,19,C10_CviMVP_PlDNA_4_SG_1880_6331e3b6,16_C10_CviMVP_PlDNA_4_SG_1880_6331e3b6_Dermo,1,NA,Negative,FALSE,0,0,Negative,0
16,B07,FAM,Unkn-18,23.36,23.3,2e-05,Dermo,B11_CviMVP_PlDNA_4_SG.sharedLotterhosPuritz_1728_8f01cd90,CviMVP_12217,WS_CB_VA_2022-10-7,20,B11_CviMVP_PlDNA_4_SG.sharedLotterhosPuritz_1728_8f01cd90,16_B11_CviMVP_PlDNA_4_SG.sharedLotterhosPuritz_1728_8f01cd90_Dermo,1,0.12,Positive,FALSE,6973.476,2,Positive,2
16,B09,FAM,Unkn-26,32.96,32.91,0,Dermo,B12_CviMVP_PlDNA_4_SG_1297_a38f9ec9,CviMVP_10963,Sapelo_Is_GA_2022-7-17,18,B12_CviMVP_PlDNA_4_SG_1297_a38f9ec9,16_B12_CviMVP_PlDNA_4_SG_1297_a38f9ec9_Dermo,1,0.09,Positive,FALSE,0,0,Positive,1
16,C05,FAM,Unkn-11,27.25,27.18,0,Dermo,D10_CviMVP_PlDNA_4_SG_1131_ece13837,CviMVP_10508,FP_Sav_GA_2022-6-10,21,D10_CviMVP_PlDNA_4_SG_1131_ece13837,16_D10_CviMVP_PlDNA_4_SG_1131_ece13837_Dermo,1,0.15,Positive,FALSE,0,0,Positive,1
16,C07,FAM,Unkn-19,27.78,27.76,0,Dermo,C11_CviMVP_PlDNA_4_SG_1805_d2f00fa3,CviMVP_12446,NPS_PS_NC_2022-10-12,22,C11_CviMVP_PlDNA_4_SG_1805_d2f00fa3,16_C11_CviMVP_PlDNA_4_SG_1805_d2f00fa3_Dermo,1,0.04,Positive,FALSE,0,0,Positive,1
16,C09,FAM,Unkn-27,38.33,38.03,0,Dermo,C12_CviMVP_PlDNA_4_SG.sharedLotterhosPuritz_1852_a4a0a9fb,CviMVP_12580,LCP_UP_MD_2022-10-20,18,C12_CviMVP_PlDNA_4_SG.sharedLotterhosPuritz_1852_a4a0a9fb,16_C12_CviMVP_PlDNA_4_SG.sharedLotterhosPuritz_1852_a4a0a9fb_Dermo,1,0.6,Positive,FALSE,0,0,Negative,0
16,D05,FAM,Unkn-12,33.04,33.12,0,Dermo,E10_CviMVP_PlDNA_4_SG_1153_b81d2c2e,CviMVP_10565,SkR_GA_2022-6-14,19,E10_CviMVP_PlDNA_4_SG_1153_b81d2c2e,16_E10_CviMVP_PlDNA_4_SG_1153_b81d2c2e_Dermo,1,0.17,Positive,FALSE,0,0,Positive,1
16,D07,FAM,Unkn-20,33.53,33.45,0,Dermo,E11_CviMVP_PlDNA_4_SG_1924_0498d86d,CviMVP_12791,Orrs_Cove_ME_2022-10-31,22,E11_CviMVP_PlDNA_4_SG_1924_0498d86d,16_E11_CviMVP_PlDNA_4_SG_1924_0498d86d_Dermo,1,0.17,Positive,FALSE,0,0,Positive,1
16,D09,FAM,Unkn-28,25.41,25.38,1e-05,Dermo,D12_CviMVP_PlDNA_4_SG_1325_2b5ae8c2,CviMVP_11046,Mer_GA_2022-7-26,18,D12_CviMVP_PlDNA_4_SG_1325_2b5ae8c2,16_D12_CviMVP_PlDNA_4_SG_1325_2b5ae8c2_Dermo,1,0.06,Positive,FALSE,3874.153333,2,Positive,1
16,E03,FAM,Unkn-05,32.35,32.2,0,Dermo,E9_CviMVP_PlDNA_4_SG_1168_5cf34250,CviMVP_10599,SkR_GA_2022-6-14,20,E9_CviMVP_PlDNA_4_SG_1168_5cf34250,16_E9_CviMVP_PlDNA_4_SG_1168_5cf34250_Dermo,1,0.29,Positive,FALSE,0,0,Positive,1
16,E05,FAM,Unkn-13,28.05,28.06,0,Dermo,F10_CviMVP_PlDNA_4_SG_1331_5afac444,CviMVP_11062,Mer_GA_2022-7-26,22,F10_CviMVP_PlDNA_4_SG_1331_5afac444,16_F10_CviMVP_PlDNA_4_SG_1331_5afac444_Dermo,1,0.03,Positive,FALSE,0,0,Positive,1
16,E07,FAM,Unkn-21,34.48,34.3,0,Dermo,F11_CviMVP_PlDNA_4_SG_1176_f3387444,CviMVP_10617,Culch_Ba_LA_2022-6-21,20,F11_CviMVP_PlDNA_4_SG_1176_f3387444,16_F11_CviMVP_PlDNA_4_SG_1176_f3387444_Dermo,1,0.36,Positive,FALSE,0,0,Positive,1
16,E09,FAM,Unkn-29,28.3,28.15,0,Dermo,E12_CviMVP_PlDNA_4_SG_1076_abb1ae0b,CviMVP_10376,GalBay_TX_2022-6-2,20,E12_CviMVP_PlDNA_4_SG_1076_abb1ae0b,16_E12_CviMVP_PlDNA_4_SG_1076_abb1ae0b_Dermo,1,0.31,Positive,FALSE,0,0,Positive,1
16,F03,FAM,Unkn-06,33.38,33.15,0,Dermo,F9_CviMVP_PlDNA_4_SG_1341_f60fb583,CviMVP_11092,Mer_GA_2022-7-26,22,F9_CviMVP_PlDNA_4_SG_1341_f60fb583,16_F9_CviMVP_PlDNA_4_SG_1341_f60fb583_Dermo,1,0.46,Positive,FALSE,0,0,Positive,1
16,F05,FAM,Unkn-14,29.52,29.55,0,Dermo,G10_CviMVP_PlDNA_4_SG_1550_619aa080,CviMVP_11698,CPR_MS_AL_2022-8-24,20,G10_CviMVP_PlDNA_4_SG_1550_619aa080,16_G10_CviMVP_PlDNA_4_SG_1550_619aa080_Dermo,1,0.07,Positive,FALSE,0,0,Positive,1
16,F07,FAM,Unkn-22,29.36,29.22,0,Dermo,G11_CviMVP_PlDNA_4_SG_1540_47a53dfc,CviMVP_11668,CPR_MS_AL_2022-8-24,20,G11_CviMVP_PlDNA_4_SG_1540_47a53dfc,16_G11_CviMVP_PlDNA_4_SG_1540_47a53dfc_Dermo,1,0.28,Positive,FALSE,0,0,Positive,1
16,F09,FAM,Unkn-30,38.11,38.53,0,Dermo,F12_CviMVP_PlDNA_4_SG.sharedLotterhosPuritz_1838_ad7a9a33,CviMVP_12538,LCP_UP_MD_2022-10-20,20,F12_CviMVP_PlDNA_4_SG.sharedLotterhosPuritz_1838_ad7a9a33,16_F12_CviMVP_PlDNA_4_SG.sharedLotterhosPuritz_1838_ad7a9a33_Dermo,1,0.84,Positive,FALSE,0,0,Negative,0
16,G03,FAM,Unkn-07,27.25,27.25,0,Dermo,H9_CviMVP_PlDNA_4_SG.sharedLotterhosPuritz_1503_5d1a03b6,CviMVP_11558,NR_NB_RI_2022-8-19,20,H9_CviMVP_PlDNA_4_SG.sharedLotterhosPuritz_1503_5d1a03b6,16_H9_CviMVP_PlDNA_4_SG.sharedLotterhosPuritz_1503_5d1a03b6_Dermo,1,0.01,Positive,FALSE,0,0,Positive,1
16,G05,FAM,Unkn-15,26.91,26.75,0,Dermo,H10_CviMVP_PlDNA_4_SG_1694_c08f31af,CviMVP_12118,SaLa_GA_2022-10-5,19,H10_CviMVP_PlDNA_4_SG_1694_c08f31af,16_H10_CviMVP_PlDNA_4_SG_1694_c08f31af_Dermo,1,0.31,Positive,FALSE,0,0,Positive,1
16,G07,FAM,Unkn-23,30.8,30.67,0,Dermo,H11_CviMVP_PlDNA_4_SG_1437_2945904c,CviMVP_11358,Cal_Lake_LA_2022-8-11,21,H11_CviMVP_PlDNA_4_SG_1437_2945904c,16_H11_CviMVP_PlDNA_4_SG_1437_2945904c_Dermo,1,0.27,Positive,FALSE,0,0,Positive,1
16,G09,FAM,Unkn-31,36.52,35.69,0,Dermo,G12_CviMVP_PlDNA_4_SG_1835_14feed63,CviMVP_12530,PrEdIs_CN_A_2022-10-18,20,G12_CviMVP_PlDNA_4_SG_1835_14feed63,16_G12_CviMVP_PlDNA_4_SG_1835_14feed63_Dermo,1,1.67,Positive,FALSE,0,0,Positive,1
16,H01,FAM,Unkn-38,27.43,27.02,0,Dermo,C2_CviMVP_PlDNA_10_SG_2003_b40d508d,CviMVP_130281,AC_LIS_CT_2023-10-3,20,C2_CviMVP_PlDNA_10_SG_2003_b40d508d,16_C2_CviMVP_PlDNA_10_SG_2003_b40d508d_Dermo,1,0.81,Positive,FALSE,0,0,Positive,1
16,H03,FAM,Unkn-08,21.19,21.12,6e-05,Dermo,B5_CviMVP_PlDNA_5_SG_1402_70b1442c,CviMVP_11271,GriceCove_SC_2022-8-10,22,B5_CviMVP_PlDNA_5_SG_1402_70b1442c,16_B5_CviMVP_PlDNA_5_SG_1402_70b1442c_Dermo,1,0.15,Positive,FALSE,19018.57091,3,Positive,3
16,H07,FAM,Unkn-24,24.1,24.08,1e-05,Dermo,H3_CviMVP_PlDNA_4_SG_1063_18b59709,CviMVP_10338,OL_MI_SC_2022-5-31,20,H3_CviMVP_PlDNA_4_SG_1063_18b59709,16_H3_CviMVP_PlDNA_4_SG_1063_18b59709_Dermo,1,0.04,Positive,FALSE,3486.738,2,Positive,2
16,H09,FAM,Unkn-32,23.27,23.24,2e-05,Dermo,H12_CviMVP_PlDNA_4_SG_1449_a339503d,CviMVP_11399,Cal_Lake_LA_2022-8-11,20,H12_CviMVP_PlDNA_4_SG_1449_a339503d,16_H12_CviMVP_PlDNA_4_SG_1449_a339503d_Dermo,1,0.07,Positive,FALSE,6973.476,2,Positive,2
17,A03,FAM,Unkn-01,27.4,27.36,0,Dermo,A1_CviMVP_PlDNA_5_SG_1213_8759c16a,CviMVP_10723,TP_TX_2022-6-28,19,A1_CviMVP_PlDNA_5_SG_1213_8759c16a,17_A1_CviMVP_PlDNA_5_SG_1213_8759c16a_Dermo,1,0.08,Positive,FALSE,0,0,Positive,1
17,A05,FAM,Unkn-09,38.44,37.85,0,Dermo,A2_CviMVP_PlDNA_5_SG_1147_554b56fe,CviMVP_10550,FP_Sav_GA_2022-6-10,20,A2_CviMVP_PlDNA_5_SG_1147_554b56fe,17_A2_CviMVP_PlDNA_5_SG_1147_554b56fe_Dermo,1,1.17,Positive,FALSE,0,0,Negative,0
17,A07,FAM,Unkn-17,27.19,27.14,0,Dermo,A3_CviMVP_PlDNA_5_SG_1337_2df389df,CviMVP_11080,Mer_GA_2022-7-26,18,A3_CviMVP_PlDNA_5_SG_1337_2df389df,17_A3_CviMVP_PlDNA_5_SG_1337_2df389df_Dermo,1,0.09,Positive,FALSE,0,0,Positive,1
17,A09,FAM,Unkn-25,34.23,34.94,0,Dermo,A4_CviMVP_PlDNA_5_SG_1086_5112cfbc,CviMVP_10399,GalBay_TX_2022-6-2,21,A4_CviMVP_PlDNA_5_SG_1086_5112cfbc,17_A4_CviMVP_PlDNA_5_SG_1086_5112cfbc_Dermo,1,1.42,Positive,FALSE,0,0,Positive,1
17,B05,FAM,Unkn-10,20.15,20.1,5e-05,Dermo,B2_CviMVP_PlDNA_5_SG_1689_736d4e14,CviMVP_12104,SaLa_GA_2022-10-5,22,B2_CviMVP_PlDNA_5_SG_1689_736d4e14,17_B2_CviMVP_PlDNA_5_SG_1689_736d4e14_Dermo,1,0.1,Positive,FALSE,15848.80909,3,Positive,3
17,B07,FAM,Unkn-18,25.09,25.05,0,Dermo,C3_CviMVP_PlDNA_5_SG_1783_7efed587,CviMVP_12381,NPS_PS_NC_2022-10-12,22,C3_CviMVP_PlDNA_5_SG_1783_7efed587,17_C3_CviMVP_PlDNA_5_SG_1783_7efed587_Dermo,1,0.07,Positive,FALSE,0,0,Positive,1
17,B09,FAM,Unkn-26,37.56,37.64,0,Dermo,B4_CviMVP_PlDNA_5_SG_1196_1127cf33,CviMVP_10676,Culch_Ba_LA_2022-6-21,20,B4_CviMVP_PlDNA_5_SG_1196_1127cf33,17_B4_CviMVP_PlDNA_5_SG_1196_1127cf33_Dermo,1,0.16,Positive,FALSE,0,0,Negative,0
17,B11,FAM,Unkn-33,NA,0,0,Dermo,A5_CviMVP_PlDNA_5_SG.sharedLotterhosPuritz_3057_d418b8c8,CviMVP_30168,HC_DB_NJ_2022-9-23,20,A5_CviMVP_PlDNA_5_SG.sharedLotterhosPuritz_3057_d418b8c8,17_A5_CviMVP_PlDNA_5_SG.sharedLotterhosPuritz_3057_d418b8c8_Dermo,1,NA,Negative,FALSE,0,0,Negative,0
17,C03,FAM,Unkn-03,36.23,36.24,0,Dermo,C1_CviMVP_PlDNA_5_SG_1165_5f778713,CviMVP_10592,SkR_GA_2022-6-14,19,C1_CviMVP_PlDNA_5_SG_1165_5f778713,17_C1_CviMVP_PlDNA_5_SG_1165_5f778713_Dermo,1,0.01,Positive,FALSE,0,0,Positive,1
17,C05,FAM,Unkn-11,33.25,33.14,0,Dermo,C2_CviMVP_PlDNA_5_SG.sharedLotterhosPuritz_3031_88811f65,CviMVP_30093,HC_DB_NJ_2022-9-23,22,C2_CviMVP_PlDNA_5_SG.sharedLotterhosPuritz_3031_88811f65,17_C2_CviMVP_PlDNA_5_SG.sharedLotterhosPuritz_3031_88811f65_Dermo,1,0.22,Positive,FALSE,0,0,Positive,1
17,C07,FAM,Unkn-19,28.82,28.63,0,Dermo,D3_CviMVP_PlDNA_5_SG.sharedLotterhosPuritz_1723_2000ae81,CviMVP_12202,WS_CB_VA_2022-10-7,22,D3_CviMVP_PlDNA_5_SG.sharedLotterhosPuritz_1723_2000ae81,17_D3_CviMVP_PlDNA_5_SG.sharedLotterhosPuritz_1723_2000ae81_Dermo,1,0.39,Positive,FALSE,0,0,Positive,1
17,C09,FAM,Unkn-27,35.74,35.39,0,Dermo,C4_CviMVP_PlDNA_5_SG_1074_66a12ae0,CviMVP_10369,GalBay_TX_2022-6-2,18,C4_CviMVP_PlDNA_5_SG_1074_66a12ae0,17_C4_CviMVP_PlDNA_5_SG_1074_66a12ae0_Dermo,1,0.69,Positive,FALSE,0,0,Positive,1
17,D03,FAM,Unkn-04,22.82,22.83,1e-05,Dermo,D1_CviMVP_PlDNA_5_SG_1169_fccffcf3,CviMVP_10601,SkR_GA_2022-6-14,22,D1_CviMVP_PlDNA_5_SG_1169_fccffcf3,17_D1_CviMVP_PlDNA_5_SG_1169_fccffcf3_Dermo,1,0.02,Positive,FALSE,3169.761818,2,Positive,3
17,D05,FAM,Unkn-12,24.09,24.05,1e-05,Dermo,E2_CviMVP_PlDNA_5_SG_1616_54b5281b,CviMVP_11888,SawIs_MA_2022-9-5,22,E2_CviMVP_PlDNA_5_SG_1616_54b5281b,17_E2_CviMVP_PlDNA_5_SG_1616_54b5281b_Dermo,1,0.09,Positive,FALSE,3169.761818,2,Positive,2
17,D07,FAM,Unkn-20,NA,0,0,Dermo,E3_CviMVP_PlDNA_5_SG_1351_c9f860e1,CviMVP_11121,Nickle_Rf_LA_2022-8-1,19,E3_CviMVP_PlDNA_5_SG_1351_c9f860e1,17_E3_CviMVP_PlDNA_5_SG_1351_c9f860e1_Dermo,1,NA,Negative,FALSE,0,0,Negative,0
17,D09,FAM,Unkn-28,21.77,21.72,2e-05,Dermo,D4_CviMVP_PlDNA_5_SG.sharedLotterhosPuritz_1726_d7bf8240,CviMVP_12211,WS_CB_VA_2022-10-7,22,D4_CviMVP_PlDNA_5_SG.sharedLotterhosPuritz_1726_d7bf8240,17_D4_CviMVP_PlDNA_5_SG.sharedLotterhosPuritz_1726_d7bf8240_Dermo,1,0.1,Positive,FALSE,6339.523636,2,Positive,3
17,D11,FAM,Unkn-35,35.69,35.98,0,Dermo,D5_CviMVP_PlDNA_5_SG.sharedLotterhosPuritz_1502_f43278c7,CviMVP_11555,NR_NB_RI_2022-8-19,21,D5_CviMVP_PlDNA_5_SG.sharedLotterhosPuritz_1502_f43278c7,17_D5_CviMVP_PlDNA_5_SG.sharedLotterhosPuritz_1502_f43278c7_Dermo,1,0.58,Positive,FALSE,0,0,Positive,1
17,E03,FAM,Unkn-05,32.53,32.45,0,Dermo,E1_CviMVP_PlDNA_5_SG.sharedLotterhosPuritz_3046_33ba00b5,CviMVP_30135,HC_DB_NJ_2022-9-23,19,E1_CviMVP_PlDNA_5_SG.sharedLotterhosPuritz_3046_33ba00b5,17_E1_CviMVP_PlDNA_5_SG.sharedLotterhosPuritz_3046_33ba00b5_Dermo,1,0.16,Positive,FALSE,0,0,Positive,1
17,E05,FAM,Unkn-13,22.99,22.77,1e-05,Dermo,F2_CviMVP_PlDNA_5_SG_1041_eed5c808,CviMVP_10277,OL_MI_SC_2022-5-31,22,F2_CviMVP_PlDNA_5_SG_1041_eed5c808,17_F2_CviMVP_PlDNA_5_SG_1041_eed5c808_Dermo,1,0.44,Positive,FALSE,3169.761818,2,Positive,3
17,E07,FAM,Unkn-21,32.64,32.48,0,Dermo,F3_CviMVP_PlDNA_5_SG_1144_70b2aa79,CviMVP_10541,FP_Sav_GA_2022-6-10,21,F3_CviMVP_PlDNA_5_SG_1144_70b2aa79,17_F3_CviMVP_PlDNA_5_SG_1144_70b2aa79_Dermo,1,0.31,Positive,FALSE,0,0,Positive,1
17,E11,FAM,Unkn-36,NA,0,0,Dermo,F5_CviMVP_PlDNA_5_SG_1139_567ff899,CviMVP_10529,FP_Sav_GA_2022-6-10,19,F5_CviMVP_PlDNA_5_SG_1139_567ff899,17_F5_CviMVP_PlDNA_5_SG_1139_567ff899_Dermo,1,NA,Negative,FALSE,0,0,Negative,0
17,F03,FAM,Unkn-06,29.17,28.94,0,Dermo,F1_CviMVP_PlDNA_5_SG_1210_917a5e66,CviMVP_10716,TP_TX_2022-6-28,22,F1_CviMVP_PlDNA_5_SG_1210_917a5e66,17_F1_CviMVP_PlDNA_5_SG_1210_917a5e66_Dermo,1,0.47,Positive,FALSE,0,0,Positive,1
17,F05,FAM,Unkn-14,25.42,25.32,0,Dermo,G2_CviMVP_PlDNA_5_SG_1591_7dc1a9e6,CviMVP_11814,KP_FGR_FL_2022-8-23,21,G2_CviMVP_PlDNA_5_SG_1591_7dc1a9e6,17_G2_CviMVP_PlDNA_5_SG_1591_7dc1a9e6_Dermo,1,0.19,Positive,FALSE,0,0,Positive,1
17,F09,FAM,Unkn-30,23.32,23.27,1e-05,Dermo,G4_CviMVP_PlDNA_5_SG.sharedLotterhosPuritz_1735_1dc2e73e,CviMVP_12238,WS_CB_VA_2022-10-7,21,G4_CviMVP_PlDNA_5_SG.sharedLotterhosPuritz_1735_1dc2e73e,17_G4_CviMVP_PlDNA_5_SG.sharedLotterhosPuritz_1735_1dc2e73e_Dermo,1,0.1,Positive,FALSE,3320.702857,2,Positive,2
17,F11,FAM,Unkn-37,25.87,25.85,0,Dermo,H5_CviMVP_PlDNA_5_SG_1427_53cbce97,CviMVP_11336,GriceCove_SC_2022-8-10,19,H5_CviMVP_PlDNA_5_SG_1427_53cbce97,17_H5_CviMVP_PlDNA_5_SG_1427_53cbce97_Dermo,1,0.04,Positive,FALSE,0,0,Positive,1
17,G03,FAM,Unkn-07,20.19,20.06,6e-05,Dermo,G1_CviMVP_PlDNA_5_SG.sharedLotterhosPuritz_1485_584ef346,CviMVP_11505,NR_NB_RI_2022-8-19,21,G1_CviMVP_PlDNA_5_SG.sharedLotterhosPuritz_1485_584ef346,17_G1_CviMVP_PlDNA_5_SG.sharedLotterhosPuritz_1485_584ef346_Dermo,1,0.26,Positive,FALSE,19924.21714,3,Positive,3
17,G05,FAM,Unkn-15,36.18,35.78,0,Dermo,A7_CviMVP_PlDNA_5_SG_1346_c3dc3555,CviMVP_11103,Nickle_Rf_LA_2022-8-1,21,A7_CviMVP_PlDNA_5_SG_1346_c3dc3555,17_A7_CviMVP_PlDNA_5_SG_1346_c3dc3555_Dermo,1,0.8,Positive,FALSE,0,0,Positive,1
17,G07,FAM,Unkn-23,32.61,32.4,0,Dermo,F6_CviMVP_PlDNA_5_SG_1404_4a6042b3,CviMVP_11275,GriceCove_SC_2022-8-10,19,F6_CviMVP_PlDNA_5_SG_1404_4a6042b3,17_F6_CviMVP_PlDNA_5_SG_1404_4a6042b3_Dermo,1,0.42,Positive,FALSE,0,0,Positive,1
17,H01,FAM,Unkn-38,26.78,26.39,0,Dermo,D1_CviMVP_PlDNA_10_SG_2091_372072dd,CviMVP_131331,FC_LIS_CT_2023-10-11,20,D1_CviMVP_PlDNA_10_SG_2091_372072dd,17_D1_CviMVP_PlDNA_10_SG_2091_372072dd_Dermo,1,0.78,Positive,FALSE,0,0,Positive,1
17,H03,FAM,Unkn-08,33.33,33.11,0,Dermo,H1_CviMVP_PlDNA_5_SG_1145_7605b3c0,CviMVP_10544,FP_Sav_GA_2022-6-10,22,H1_CviMVP_PlDNA_5_SG_1145_7605b3c0,17_H1_CviMVP_PlDNA_5_SG_1145_7605b3c0_Dermo,1,0.45,Positive,FALSE,0,0,Positive,1
17,H05,FAM,Unkn-16,21.18,21.09,3e-05,Dermo,B7_CviMVP_PlDNA_5_SG_1579_be3981ad,CviMVP_11780,KP_FGR_FL_2022-8-23,18,B7_CviMVP_PlDNA_5_SG_1579_be3981ad,17_B7_CviMVP_PlDNA_5_SG_1579_be3981ad_Dermo,1,0.18,Positive,FALSE,11622.46,3,Positive,3
17,H07,FAM,Unkn-24,34.76,35.75,0,Dermo,A6_CviMVP_PlDNA_5_SG_1709_6247eadb,CviMVP_12161,SaLa_GA_2022-10-5,21,A6_CviMVP_PlDNA_5_SG_1709_6247eadb,17_A6_CviMVP_PlDNA_5_SG_1709_6247eadb_Dermo,1,1.98,Positive,FALSE,0,0,Positive,1
17,H09,FAM,Unkn-32,33.17,33.09,0,Dermo,G5_CviMVP_PlDNA_5_SG_1202_19d39fd0,CviMVP_10693,TP_TX_2022-6-28,20,G5_CviMVP_PlDNA_5_SG_1202_19d39fd0,17_G5_CviMVP_PlDNA_5_SG_1202_19d39fd0_Dermo,1,0.16,Positive,FALSE,0,0,Positive,1
18,A03,FAM,Unkn-01,27.02,26.93,0,Dermo,A1_CviMVP_PlDNA_9_SG_1781_7f410d51,CviMVP_12375,NPS_PS_NC_2022-10-12,20,A1_CviMVP_PlDNA_9_SG_1781_7f410d51,18_A1_CviMVP_PlDNA_9_SG_1781_7f410d51_Dermo,1,0.17,Positive,FALSE,0,0,Positive,1
18,A05,FAM,Unkn-09,NA,0,0,Dermo,A2_CviMVP_PlDNA_9_SG_1360_c5b3f2ee,CviMVP_11148,Nickle_Rf_LA_2022-8-1,19,A2_CviMVP_PlDNA_9_SG_1360_c5b3f2ee,18_A2_CviMVP_PlDNA_9_SG_1360_c5b3f2ee_Dermo,1,NA,Negative,FALSE,0,0,Negative,0
18,A07,FAM,Unkn-17,28.69,28.61,0,Dermo,A8_CviMVP_PlDNA_9_SG_1178_c91e54a1,CviMVP_10623,Culch_Ba_LA_2022-6-21,18,A8_CviMVP_PlDNA_9_SG_1178_c91e54a1,18_A8_CviMVP_PlDNA_9_SG_1178_c91e54a1_Dermo,1,0.16,Positive,FALSE,0,0,Positive,1
18,A09,FAM,Unkn-25,27.19,26.61,0,Dermo,A9_CviMVP_PlDNA_9_SG_2033_2d4e3341,CviMVP_15116,IL_ApBay_FL_2023-10-3,21,A9_CviMVP_PlDNA_9_SG_2033_2d4e3341,18_A9_CviMVP_PlDNA_9_SG_2033_2d4e3341_Dermo,1,1.15,Positive,FALSE,0,0,Positive,1
18,B03,FAM,Unkn-02,33.75,33.82,0,Dermo,B1_CviMVP_PlDNA_9_SG_2064_0d827eb8,CviMVP_130521,IL_ApBay_FL_2023-10-3,20,B1_CviMVP_PlDNA_9_SG_2064_0d827eb8,18_B1_CviMVP_PlDNA_9_SG_2064_0d827eb8_Dermo,1,0.15,Positive,FALSE,0,0,Positive,1
18,B05,FAM,Unkn-10,33.04,33.03,0,Dermo,B2_CviMVP_PlDNA_9_SG_1113_ca8c8025,CviMVP_10471,CB_TX_2022-6-9,22,B2_CviMVP_PlDNA_9_SG_1113_ca8c8025,18_B2_CviMVP_PlDNA_9_SG_1113_ca8c8025_Dermo,1,0.02,Positive,FALSE,0,0,Positive,1
18,B07,FAM,Unkn-18,31.39,31.5,0,Dermo,B8_CviMVP_PlDNA_9_SG_2092_9107cc79,CviMVP_131361,FC_LIS_CT_2023-10-11,18,B8_CviMVP_PlDNA_9_SG_2092_9107cc79,18_B8_CviMVP_PlDNA_9_SG_2092_9107cc79_Dermo,1,0.21,Positive,FALSE,0,0,Positive,1
18,B09,FAM,Unkn-26,23.94,23.93,1e-05,Dermo,B9_CviMVP_PlDNA_9_SG_2087_fcc7e794,CviMVP_131211,FC_LIS_CT_2023-10-11,20,B9_CviMVP_PlDNA_9_SG_2087_fcc7e794,18_B9_CviMVP_PlDNA_9_SG_2087_fcc7e794_Dermo,1,0.02,Positive,FALSE,3486.738,2,Positive,2
18,B11,FAM,Unkn-33,34.01,33.82,0,Dermo,A10_CviMVP_PlDNA_9_SG_1368_c77fd73e,CviMVP_11172,Nickle_Rf_LA_2022-8-1,18,A10_CviMVP_PlDNA_9_SG_1368_c77fd73e,18_A10_CviMVP_PlDNA_9_SG_1368_c77fd73e_Dermo,1,0.38,Positive,FALSE,0,0,Positive,1
18,C03,FAM,Unkn-03,28.34,28.3,0,Dermo,C1_CviMVP_PlDNA_9_SG_2101_3afce4c2,CviMVP_131641,FC_LIS_CT_2023-10-11,20,C1_CviMVP_PlDNA_9_SG_2101_3afce4c2,18_C1_CviMVP_PlDNA_9_SG_2101_3afce4c2_Dermo,1,0.09,Positive,FALSE,0,0,Positive,1
18,C07,FAM,Unkn-19,21.15,20.95,5e-05,Dermo,C8_CviMVP_PlDNA_9_SG_2090_050351ba,CviMVP_131301,FC_LIS_CT_2023-10-11,21,C8_CviMVP_PlDNA_9_SG_2090_050351ba,18_C8_CviMVP_PlDNA_9_SG_2090_050351ba_Dermo,1,0.41,Positive,FALSE,16603.51429,3,Positive,3
18,C09,FAM,Unkn-27,34.6,34.53,0,Dermo,D9_CviMVP_PlDNA_9_SG_1785_fa2d628c,CviMVP_12387,NPS_PS_NC_2022-10-12,19,D9_CviMVP_PlDNA_9_SG_1785_fa2d628c,18_D9_CviMVP_PlDNA_9_SG_1785_fa2d628c_Dermo,1,0.15,Positive,FALSE,0,0,Positive,1
18,C11,FAM,Unkn-34,35.4,35.22,0,Dermo,B10_CviMVP_PlDNA_9_SG_1072_ecf788f5,CviMVP_10363,GalBay_TX_2022-6-2,18,B10_CviMVP_PlDNA_9_SG_1072_ecf788f5,18_B10_CviMVP_PlDNA_9_SG_1072_ecf788f5_Dermo,1,0.36,Positive,FALSE,0,0,Positive,1
18,D03,FAM,Unkn-04,22.68,22.55,2e-05,Dermo,D1_CviMVP_PlDNA_9_SG_2040_dc33a58e,CviMVP_15137,EC_ApBay_FL_2023-10-4,22,D1_CviMVP_PlDNA_9_SG_2040_dc33a58e,18_D1_CviMVP_PlDNA_9_SG_2040_dc33a58e_Dermo,1,0.26,Positive,FALSE,6339.523636,2,Positive,3
18,D05,FAM,Unkn-12,36.88,36.46,0,Dermo,D2_CviMVP_PlDNA_9_SG_1302_062f683c,CviMVP_10978,Sapelo_Is_GA_2022-7-17,20,D2_CviMVP_PlDNA_9_SG_1302_062f683c,18_D2_CviMVP_PlDNA_9_SG_1302_062f683c_Dermo,1,0.85,Positive,FALSE,0,0,Positive,1
18,D07,FAM,Unkn-20,24.53,24.41,1e-05,Dermo,D8_CviMVP_PlDNA_9_SG.sharedLotterhosPuritz_1505_87833e2e,CviMVP_11564,NR_NB_RI_2022-8-19,22,D8_CviMVP_PlDNA_9_SG.sharedLotterhosPuritz_1505_87833e2e,18_D8_CviMVP_PlDNA_9_SG.sharedLotterhosPuritz_1505_87833e2e_Dermo,1,0.23,Positive,FALSE,3169.761818,2,Positive,2
18,D11,FAM,Unkn-35,31.81,31.67,0,Dermo,C10_CviMVP_PlDNA_9_SG_1396_9210bd0b,CviMVP_11255,Sister_Lk_LA_2022-8-9,22,C10_CviMVP_PlDNA_9_SG_1396_9210bd0b,18_C10_CviMVP_PlDNA_9_SG_1396_9210bd0b_Dermo,1,0.27,Positive,FALSE,0,0,Positive,1
18,E03,FAM,Unkn-05,27.2,27.19,0,Dermo,E1_CviMVP_PlDNA_9_SG_2057_f18670d4,CviMVP_15188,EC_ApBay_FL_2023-10-4,21,E1_CviMVP_PlDNA_9_SG_2057_f18670d4,18_E1_CviMVP_PlDNA_9_SG_2057_f18670d4_Dermo,1,0.03,Positive,FALSE,0,0,Positive,1
18,E05,FAM,Unkn-13,NA,0,0,Dermo,E2_CviMVP_PlDNA_9_SG_1648_95efc17e,CviMVP_11984,SaltBay_Canada_2022-9-27,21,E2_CviMVP_PlDNA_9_SG_1648_95efc17e,18_E2_CviMVP_PlDNA_9_SG_1648_95efc17e_Dermo,1,NA,Negative,FALSE,0,0,Negative,0
18,E07,FAM,Unkn-21,25.45,25.35,0,Dermo,F8_CviMVP_PlDNA_9_SG_1982_cdc0db57,CviMVP_12965,FFJ_CF_NC_2023-7-19,20,F8_CviMVP_PlDNA_9_SG_1982_cdc0db57,18_F8_CviMVP_PlDNA_9_SG_1982_cdc0db57_Dermo,1,0.2,Positive,FALSE,0,0,Positive,1
18,E09,FAM,Unkn-29,22.47,22.52,2e-05,Dermo,G9_CviMVP_PlDNA_9_SG_2052_f6325207,CviMVP_15173,EC_ApBay_FL_2023-10-4,22,G9_CviMVP_PlDNA_9_SG_2052_f6325207,18_G9_CviMVP_PlDNA_9_SG_2052_f6325207_Dermo,1,0.09,Positive,FALSE,6339.523636,2,Positive,3
18,E11,FAM,Unkn-36,24.27,24.26,1e-05,Dermo,D10_CviMVP_PlDNA_9_SG_2079_aa2812ca,CviMVP_130971,FC_LIS_CT_2023-10-11,20,D10_CviMVP_PlDNA_9_SG_2079_aa2812ca,18_D10_CviMVP_PlDNA_9_SG_2079_aa2812ca_Dermo,1,0.02,Positive,FALSE,3486.738,2,Positive,2
18,F05,FAM,Unkn-14,NA,0,0,Dermo,F2_CviMVP_PlDNA_9_SG_1905_1d855527,CviMVP_12736,Orrs_Cove_ME_2022-10-31,20,F2_CviMVP_PlDNA_9_SG_1905_1d855527,18_F2_CviMVP_PlDNA_9_SG_1905_1d855527_Dermo,1,NA,Negative,FALSE,0,0,Negative,0
18,F07,FAM,Unkn-22,29.61,29.56,0,Dermo,G8_CviMVP_PlDNA_9_SG_1387_2f72692a,CviMVP_11228,Sister_Lk_LA_2022-8-9,20,G8_CviMVP_PlDNA_9_SG_1387_2f72692a,18_G8_CviMVP_PlDNA_9_SG_1387_2f72692a_Dermo,1,0.1,Positive,FALSE,0,0,Positive,1
18,F09,FAM,Unkn-30,31.87,32.03,0,Dermo,H9_CviMVP_PlDNA_9_SG_1465_fcaf0737,CviMVP_11445,SR_GB_NH_2022-8-12,21,H9_CviMVP_PlDNA_9_SG_1465_fcaf0737,18_H9_CviMVP_PlDNA_9_SG_1465_fcaf0737_Dermo,1,0.32,Positive,FALSE,0,0,Positive,1
18,F11,FAM,Unkn-37,29.78,29.77,0,Dermo,E10_CviMVP_PlDNA_9_SG_2060_51453c8e,CviMVP_15197,EC_ApBay_FL_2023-10-4,19,E10_CviMVP_PlDNA_9_SG_2060_51453c8e,18_E10_CviMVP_PlDNA_9_SG_2060_51453c8e_Dermo,1,0.01,Positive,FALSE,0,0,Positive,1
18,G03,FAM,Unkn-07,27.65,27.52,0,Dermo,G1_CviMVP_PlDNA_9_SG_1470_6cd46626,CviMVP_11460,SR_GB_NH_2022-8-12,21,G1_CviMVP_PlDNA_9_SG_1470_6cd46626,18_G1_CviMVP_PlDNA_9_SG_1470_6cd46626_Dermo,1,0.27,Positive,FALSE,0,0,Positive,1
18,G05,FAM,Unkn-15,35.24,35.28,0,Dermo,G2_CviMVP_PlDNA_9_SG_1073_bd1c4a4b,CviMVP_10366,GalBay_TX_2022-6-2,19,G2_CviMVP_PlDNA_9_SG_1073_bd1c4a4b,18_G2_CviMVP_PlDNA_9_SG_1073_bd1c4a4b_Dermo,1,0.09,Positive,FALSE,0,0,Positive,1
18,G07,FAM,Unkn-23,29.82,29.7,0,Dermo,H8_CviMVP_PlDNA_9_SG_1443_8b09f1b1,CviMVP_11382,Cal_Lake_LA_2022-8-11,21,H8_CviMVP_PlDNA_9_SG_1443_8b09f1b1,18_H8_CviMVP_PlDNA_9_SG_1443_8b09f1b1_Dermo,1,0.24,Positive,FALSE,0,0,Positive,1
18,G09,FAM,Unkn-31,37.76,38.22,0,Dermo,G10_CviMVP_PlDNA_9_SG.sharedLotterhosPuritz_3037_a3dbbbac,CviMVP_30108,HC_DB_NJ_2022-9-23,19,G10_CviMVP_PlDNA_9_SG.sharedLotterhosPuritz_3037_a3dbbbac,18_G10_CviMVP_PlDNA_9_SG.sharedLotterhosPuritz_3037_a3dbbbac_Dermo,1,0.91,Positive,FALSE,0,0,Negative,0
18,H01,FAM,Unkn,26.24,26.24,0,Dermo,G9_CviMVP_PlDNA_10_SG_1464_b7526ee9,CviMVP_11442,SR_GB_NH_2022-8-12,20,G9_CviMVP_PlDNA_10_SG_1464_b7526ee9,18_G9_CviMVP_PlDNA_10_SG_1464_b7526ee9_Dermo,1,0.54,Positive,FALSE,0,0,Positive,1
18,H05,FAM,Unkn-16,27.96,27.83,0,Dermo,H2_CviMVP_PlDNA_9_SG_1986_c1f242a3,CviMVP_12977,FFJ_CF_NC_2023-7-19,21,H2_CviMVP_PlDNA_9_SG_1986_c1f242a3,18_H2_CviMVP_PlDNA_9_SG_1986_c1f242a3_Dermo,1,0.26,Positive,FALSE,0,0,Positive,1
18,H07,FAM,Unkn-24,38.18,37.33,0,Dermo,F10_CviMVP_PlDNA_9_SG.sharedLotterhosPuritz_3027_c7057db0,CviMVP_30081,CS_DB_NJ_2022-9-21,21,F10_CviMVP_PlDNA_9_SG.sharedLotterhosPuritz_3027_c7057db0,18_F10_CviMVP_PlDNA_9_SG.sharedLotterhosPuritz_3027_c7057db0_Dermo,1,1.69,Positive,FALSE,0,0,Negative,0
18,H09,FAM,Unkn-32,22.52,22.52,2e-05,Dermo,H10_CviMVP_PlDNA_9_SG_2093_b7ab79f2,CviMVP_131391,FC_LIS_CT_2023-10-11,22,H10_CviMVP_PlDNA_9_SG_2093_b7ab79f2,18_H10_CviMVP_PlDNA_9_SG_2093_b7ab79f2_Dermo,1,0,Positive,FALSE,6339.523636,2,Positive,3
19,A03,FAM,Unkn-01,33.07,32.93,0,Dermo,A11_CviMVP_PlDNA_9_SG_1232_7ec57c2f,CviMVP_10778,CC_VA_2022-7-11,19,A11_CviMVP_PlDNA_9_SG_1232_7ec57c2f,19_A11_CviMVP_PlDNA_9_SG_1232_7ec57c2f_Dermo,1,0.27,Positive,FALSE,0,0,Positive,1
19,A07,FAM,Unkn-17,25.71,25.64,1e-05,Dermo,A1_CviMVP_PlDNA_10_SG_1788_5e94a232,CviMVP_12396,NPS_PS_NC_2022-10-12,20,A1_CviMVP_PlDNA_10_SG_1788_5e94a232,19_A1_CviMVP_PlDNA_10_SG_1788_5e94a232_Dermo,1,0.14,Positive,FALSE,3486.738,2,Positive,1
19,A09,FAM,Unkn-25,28.35,28.26,0,Dermo,A2_CviMVP_PlDNA_10_SG_2031_4c9fc050,CviMVP_15110,IL_ApBay_FL_2023-10-3,21,A2_CviMVP_PlDNA_10_SG_2031_4c9fc050,19_A2_CviMVP_PlDNA_10_SG_2031_4c9fc050_Dermo,1,0.17,Positive,FALSE,0,0,Positive,1
19,B03,FAM,Unkn-02,26.33,26.27,0,Dermo,B11_CviMVP_PlDNA_9_SG_2017_21ebaf27,CviMVP_15070,IL_ApBay_FL_2023-10-3,22,B11_CviMVP_PlDNA_9_SG_2017_21ebaf27,19_B11_CviMVP_PlDNA_9_SG_2017_21ebaf27_Dermo,1,0.12,Positive,FALSE,0,0,Positive,1
19,B05,FAM,Unkn-10,24.92,24.89,1e-05,Dermo,B12_CviMVP_PlDNA_9_SG_2083_c9e957d2,CviMVP_131091,FC_LIS_CT_2023-10-11,18,B12_CviMVP_PlDNA_9_SG_2083_c9e957d2,19_B12_CviMVP_PlDNA_9_SG_2083_c9e957d2_Dermo,1,0.06,Positive,FALSE,3874.153333,2,Positive,2
19,B07,FAM,Unkn-18,24.22,24.25,1e-05,Dermo,B1_CviMVP_PlDNA_10_SG_1992_a1957416,CviMVP_12995,AC_LIS_CT_2023-10-3,21,B1_CviMVP_PlDNA_10_SG_1992_a1957416,19_B1_CviMVP_PlDNA_10_SG_1992_a1957416_Dermo,1,0.05,Positive,FALSE,3320.702857,2,Positive,2
19,B09,FAM,Unkn-26,37.98,37.92,0,Dermo,B2_CviMVP_PlDNA_10_SG.sharedLotterhosPuritz_1865_d6963291,CviMVP_12619,LCP_UP_MD_2022-10-20,21,B2_CviMVP_PlDNA_10_SG.sharedLotterhosPuritz_1865_d6963291,19_B2_CviMVP_PlDNA_10_SG.sharedLotterhosPuritz_1865_d6963291_Dermo,1,0.11,Positive,FALSE,0,0,Negative,0
19,B11,FAM,Unkn-33,27.97,28.01,0,Dermo,A9_CviMVP_PlDNA_10_SG_1995_80981cf3,CviMVP_130041,AC_LIS_CT_2023-10-3,18,A9_CviMVP_PlDNA_10_SG_1995_80981cf3,19_A9_CviMVP_PlDNA_10_SG_1995_80981cf3_Dermo,1,0.08,Positive,FALSE,0,0,Positive,1
19,C03,FAM,Unkn-03,25.69,25.72,1e-05,Dermo,C11_CviMVP_PlDNA_9_SG_2035_fe995562,CviMVP_15122,EC_ApBay_FL_2023-10-4,18,C11_CviMVP_PlDNA_9_SG_2035_fe995562,19_C11_CviMVP_PlDNA_9_SG_2035_fe995562_Dermo,1,0.06,Positive,FALSE,3874.153333,2,Positive,1
19,C05,FAM,Unkn-11,23.54,23.52,2e-05,Dermo,C12_CviMVP_PlDNA_9_SG_2085_9e9d2027,CviMVP_131151,FC_LIS_CT_2023-10-11,20,C12_CviMVP_PlDNA_9_SG_2085_9e9d2027,19_C12_CviMVP_PlDNA_9_SG_2085_9e9d2027_Dermo,1,0.04,Positive,FALSE,6973.476,2,Positive,2
19,C07,FAM,Unkn-19,25.1,25.12,1e-05,Dermo,C1_CviMVP_PlDNA_10_SG_1405_db366b9b,CviMVP_11277,GriceCove_SC_2022-8-10,21,C1_CviMVP_PlDNA_10_SG_1405_db366b9b,19_C1_CviMVP_PlDNA_10_SG_1405_db366b9b_Dermo,1,0.03,Positive,FALSE,3320.702857,2,Positive,1
19,C09,FAM,Unkn-27,26.31,26.35,0,Dermo,F2_CviMVP_PlDNA_10_SG_2038_38049366,CviMVP_15131,EC_ApBay_FL_2023-10-4,21,F2_CviMVP_PlDNA_10_SG_2038_38049366,19_F2_CviMVP_PlDNA_10_SG_2038_38049366_Dermo,1,0.09,Positive,FALSE,0,0,Positive,1
19,C11,FAM,Unkn-34,20.37,20.4,0.00012,Dermo,B9_CviMVP_PlDNA_10_SG_1619_c0fd1cbb,CviMVP_11897,SawIs_MA_2022-9-5,18,B9_CviMVP_PlDNA_10_SG_1619_c0fd1cbb,19_B9_CviMVP_PlDNA_10_SG_1619_c0fd1cbb_Dermo,1,0.05,Positive,FALSE,46489.84,3,Positive,3
19,D03,FAM,Unkn-04,28.25,28.25,0,Dermo,D11_CviMVP_PlDNA_9_SG_2042_661e376f,CviMVP_15143,EC_ApBay_FL_2023-10-4,22,D11_CviMVP_PlDNA_9_SG_2042_661e376f,19_D11_CviMVP_PlDNA_9_SG_2042_661e376f_Dermo,1,0,Positive,FALSE,0,0,Positive,1
19,D07,FAM,Unkn-20,32.05,32.19,0,Dermo,E1_CviMVP_PlDNA_10_SG.sharedLotterhosPuritz_1513_6c83a6da,CviMVP_11588,DC_NB_RI_2022-8-19,20,E1_CviMVP_PlDNA_10_SG.sharedLotterhosPuritz_1513_6c83a6da,19_E1_CviMVP_PlDNA_10_SG.sharedLotterhosPuritz_1513_6c83a6da_Dermo,1,0.28,Positive,FALSE,0,0,Positive,1
19,D09,FAM,Unkn-28,30,30.11,0,Dermo,G2_CviMVP_PlDNA_10_SG_1328_6b7a6a27,CviMVP_11053,Mer_GA_2022-7-26,22,G2_CviMVP_PlDNA_10_SG_1328_6b7a6a27,19_G2_CviMVP_PlDNA_10_SG_1328_6b7a6a27_Dermo,1,0.21,Positive,FALSE,0,0,Positive,1
19,D11,FAM,Unkn-35,33.46,33.41,0,Dermo,C9_CviMVP_PlDNA_10_SG_1554_87714daf,CviMVP_11710,CPR_MS_AL_2022-8-24,20,C9_CviMVP_PlDNA_10_SG_1554_87714daf,19_C9_CviMVP_PlDNA_10_SG_1554_87714daf_Dermo,1,0.1,Positive,FALSE,0,0,Positive,1
19,E03,FAM,Unkn-05,25.32,25.28,1e-05,Dermo,E11_CviMVP_PlDNA_9_SG_2015_5f30e515,CviMVP_15064,IL_ApBay_FL_2023-10-3,19,E11_CviMVP_PlDNA_9_SG_2015_5f30e515,19_E11_CviMVP_PlDNA_9_SG_2015_5f30e515_Dermo,1,0.08,Positive,FALSE,3670.250526,2,Positive,1
19,E05,FAM,Unkn-13,27.47,27.35,0,Dermo,E12_CviMVP_PlDNA_9_SG_2014_4508c3ac,CviMVP_15061,AC_LIS_CT_2023-10-3,20,E12_CviMVP_PlDNA_9_SG_2014_4508c3ac,19_E12_CviMVP_PlDNA_9_SG_2014_4508c3ac_Dermo,1,0.23,Positive,FALSE,0,0,Positive,1
19,E07,FAM,Unkn-21,35.01,35.01,0,Dermo,F1_CviMVP_PlDNA_10_SG_2041_b9a3bfb4,CviMVP_15140,EC_ApBay_FL_2023-10-4,21,F1_CviMVP_PlDNA_10_SG_2041_b9a3bfb4,19_F1_CviMVP_PlDNA_10_SG_2041_b9a3bfb4_Dermo,1,0,Positive,FALSE,0,0,Positive,1
19,E09,FAM,Unkn-29,35.12,35.08,0,Dermo,H2_CviMVP_PlDNA_10_SG_1652_e0c1d32d,CviMVP_11995,SaltBay_Canada_2022-9-27,23,H2_CviMVP_PlDNA_10_SG_1652_e0c1d32d,19_H2_CviMVP_PlDNA_10_SG_1652_e0c1d32d_Dermo,1,0.09,Positive,FALSE,0,0,Positive,1
19,E11,FAM,Unkn-36,31.61,31.56,0,Dermo,F9_CviMVP_PlDNA_10_SG_2013_3c59ee43,CviMVP_15058,AC_LIS_CT_2023-10-3,22,F9_CviMVP_PlDNA_10_SG_2013_3c59ee43,19_F9_CviMVP_PlDNA_10_SG_2013_3c59ee43_Dermo,1,0.1,Positive,FALSE,0,0,Positive,1
19,F03,FAM,Unkn-06,23.65,23.47,2e-05,Dermo,F11_CviMVP_PlDNA_9_SG_2004_15538084,CviMVP_130311,AC_LIS_CT_2023-10-3,22,F11_CviMVP_PlDNA_9_SG_2004_15538084,19_F11_CviMVP_PlDNA_9_SG_2004_15538084_Dermo,1,0.36,Positive,FALSE,6339.523636,2,Positive,2
19,F05,FAM,Unkn-14,26.6,26.48,0,Dermo,F12_CviMVP_PlDNA_9_SG_2043_cb780332,CviMVP_15146,EC_ApBay_FL_2023-10-4,19,F12_CviMVP_PlDNA_9_SG_2043_cb780332,19_F12_CviMVP_PlDNA_9_SG_2043_cb780332_Dermo,1,0.25,Positive,FALSE,0,0,Positive,1
19,F07,FAM,Unkn-22,NA,0,0,Dermo,G1_CviMVP_PlDNA_10_SG_1892_34807bab,CviMVP_12698,DC_DR_ME_2022-10-25,22,G1_CviMVP_PlDNA_10_SG_1892_34807bab,19_G1_CviMVP_PlDNA_10_SG_1892_34807bab_Dermo,1,NA,Negative,FALSE,0,0,Negative,0
19,F09,FAM,Unkn-30,22.54,22.55,3e-05,Dermo,H12_CviMVP_PlDNA_10_SG_1691_0e7d321d,CviMVP_12109,SaLa_GA_2022-10-5,22,H12_CviMVP_PlDNA_10_SG_1691_0e7d321d,19_H12_CviMVP_PlDNA_10_SG_1691_0e7d321d_Dermo,1,0.03,Positive,FALSE,9509.285455,2,Positive,3
19,F11,FAM,Unkn-37,35.77,36.17,0,Dermo,H9_CviMVP_PlDNA_10_SG_1162_ae9f6ba6,CviMVP_10586,SkR_GA_2022-6-14,19,H9_CviMVP_PlDNA_10_SG_1162_ae9f6ba6,19_H9_CviMVP_PlDNA_10_SG_1162_ae9f6ba6_Dermo,1,0.8,Positive,FALSE,0,0,Positive,1
19,G03,FAM,Unkn-07,30.33,30.21,0,Dermo,G11_CviMVP_PlDNA_9_SG_2009_c8217fce,CviMVP_15046,AC_LIS_CT_2023-10-3,21,G11_CviMVP_PlDNA_9_SG_2009_c8217fce,19_G11_CviMVP_PlDNA_9_SG_2009_c8217fce_Dermo,1,0.25,Positive,FALSE,0,0,Positive,1
19,G05,FAM,Unkn-15,33.34,33.15,0,Dermo,G12_CviMVP_PlDNA_9_SG_1684_90d17b66,CviMVP_12087,EelLake_Canada_2022-9-27,20,G12_CviMVP_PlDNA_9_SG_1684_90d17b66,19_G12_CviMVP_PlDNA_9_SG_1684_90d17b66_Dermo,1,0.38,Positive,FALSE,0,0,Positive,1
19,G07,FAM,Unkn-23,26.21,26.14,0,Dermo,H1_CviMVP_PlDNA_10_SG_1980_7a4f292f,CviMVP_12959,FFJ_CF_NC_2023-7-19,21,H1_CviMVP_PlDNA_10_SG_1980_7a4f292f,19_H1_CviMVP_PlDNA_10_SG_1980_7a4f292f_Dermo,1,0.13,Positive,FALSE,0,0,Positive,1
19,G09,FAM,Unkn-31,15.2,15.08,0.00281,Dermo,G7_CviMVP_PlDNA_10_SG_2077_40f6a386,CviMVP_130911,FC_LIS_CT_2023-10-11,22,G7_CviMVP_PlDNA_10_SG_2077_40f6a386,19_G7_CviMVP_PlDNA_10_SG_2077_40f6a386_Dermo,1,0.24,Positive,FALSE,890703.0709,3,Positive,3
19,H01,FAM,Unkn-38,29,28.6,0,Dermo,E9_CviMVP_PlDNA_10_SG_2044_7f176d05,CviMVP_15149,EC_ApBay_FL_2023-10-4,20,E9_CviMVP_PlDNA_10_SG_2044_7f176d05,19_E9_CviMVP_PlDNA_10_SG_2044_7f176d05_Dermo,1,0.8,Positive,FALSE,0,0,Positive,1
19,H03,FAM,Unkn-08,26.29,26.33,0,Dermo,H11_CviMVP_PlDNA_9_SG_2048_d143067d,CviMVP_15161,EC_ApBay_FL_2023-10-4,21,H11_CviMVP_PlDNA_9_SG_2048_d143067d,19_H11_CviMVP_PlDNA_9_SG_2048_d143067d_Dermo,1,0.09,Positive,FALSE,0,0,Positive,1
19,H05,FAM,Unkn-16,23.56,23.45,2e-05,Dermo,H12_CviMVP_PlDNA_9_SG_1988_a8aedd8e,CviMVP_12983,AC_LIS_CT_2023-10-3,22,H12_CviMVP_PlDNA_9_SG_1988_a8aedd8e,19_H12_CviMVP_PlDNA_9_SG_1988_a8aedd8e_Dermo,1,0.22,Positive,FALSE,6339.523636,2,Positive,2
20,A05,FAM,Unkn-09,27.3,27.18,0,Dermo,C1_CviMVP_PlDNA_6_SG.sharedLotterhosPuritz_1499_50f125eb,CviMVP_11546,NR_NB_RI_2022-8-19,20,C1_CviMVP_PlDNA_6_SG.sharedLotterhosPuritz_1499_50f125eb,20_C1_CviMVP_PlDNA_6_SG.sharedLotterhosPuritz_1499_50f125eb_Dermo,1,0.24,Positive,FALSE,0,0,Positive,1
20,A07,FAM,Unkn-17,27.11,27.15,0,Dermo,C8_CviMVP_PlDNA_6_SG_1584_44720c93,CviMVP_11794,KP_FGR_FL_2022-8-23,21,C8_CviMVP_PlDNA_6_SG_1584_44720c93,20_C8_CviMVP_PlDNA_6_SG_1584_44720c93_Dermo,1,0.08,Positive,FALSE,0,0,Positive,1
20,A09,FAM,Unkn-25,NA,0,0,Dermo,F12_CviMVP_PlDNA_5_SG_1564_9305f148,CviMVP_11740,CPR_MS_AL_2022-8-24,20,F12_CviMVP_PlDNA_5_SG_1564_9305f148,20_F12_CviMVP_PlDNA_5_SG_1564_9305f148_Dermo,1,NA,Negative,FALSE,0,0,Negative,0
20,B03,FAM,Unkn-02,24.85,24.84,1e-05,Dermo,C9_CviMVP_PlDNA_5_SG_1161_bee23f77,CviMVP_10584,SkR_GA_2022-6-14,20,C9_CviMVP_PlDNA_5_SG_1161_bee23f77,20_C9_CviMVP_PlDNA_5_SG_1161_bee23f77_Dermo,1,0.02,Positive,FALSE,3486.738,2,Positive,2
20,B05,FAM,Unkn-10,20,20,1e-04,Dermo,D2_CviMVP_PlDNA_10_SG_1695_0eae69c4,CviMVP_12121,SaLa_GA_2022-10-5,20,D2_CviMVP_PlDNA_10_SG_1695_0eae69c4,20_D2_CviMVP_PlDNA_10_SG_1695_0eae69c4_Dermo,1,0.01,Positive,FALSE,34867.38,3,Positive,3
20,B07,FAM,Unkn-18,25.84,25.65,0,Dermo,D8_CviMVP_PlDNA_6_SG_1052_c46c4085,CviMVP_10305,OL_MI_SC_2022-5-31,18,D8_CviMVP_PlDNA_6_SG_1052_c46c4085,20_D8_CviMVP_PlDNA_6_SG_1052_c46c4085_Dermo,1,0.37,Positive,FALSE,0,0,Positive,1
20,B09,FAM,Unkn-26,38.11,38.48,0,Dermo,G8_CviMVP_PlDNA_5_SG_1347_6fd02556,CviMVP_11109,Nickle_Rf_LA_2022-8-1,20,G8_CviMVP_PlDNA_5_SG_1347_6fd02556,20_G8_CviMVP_PlDNA_5_SG_1347_6fd02556_Dermo,1,0.74,Positive,FALSE,0,0,Negative,0
20,C03,FAM,Unkn-03,31.04,31.05,0,Dermo,D9_CviMVP_PlDNA_5_SG_1157_3a105b17,CviMVP_10575,SkR_GA_2022-6-14,21,D9_CviMVP_PlDNA_5_SG_1157_3a105b17,20_D9_CviMVP_PlDNA_5_SG_1157_3a105b17_Dermo,1,0.02,Positive,FALSE,0,0,Positive,1
20,C05,FAM,Unkn-11,23.41,23.37,1e-05,Dermo,E2_CviMVP_PlDNA_10_SG_2000_f05c5a6e,CviMVP_130191,AC_LIS_CT_2023-10-3,20,E2_CviMVP_PlDNA_10_SG_2000_f05c5a6e,20_E2_CviMVP_PlDNA_10_SG_2000_f05c5a6e_Dermo,1,0.08,Positive,FALSE,3486.738,2,Positive,2
20,C07,FAM,Unkn-19,26.94,26.8,0,Dermo,A10_CviMVP_PlDNA_6_SG_1440_e79e5351,CviMVP_11373,Cal_Lake_LA_2022-8-11,20,A10_CviMVP_PlDNA_6_SG_1440_e79e5351,20_A10_CviMVP_PlDNA_6_SG_1440_e79e5351_Dermo,1,0.27,Positive,FALSE,0,0,Positive,1
20,C09,FAM,Unkn-27,NA,0,0,Dermo,G10_CviMVP_PlDNA_5_SG_1680_659f75bd,CviMVP_12078,EelLake_Canada_2022-9-27,19,G10_CviMVP_PlDNA_5_SG_1680_659f75bd,20_G10_CviMVP_PlDNA_5_SG_1680_659f75bd_Dermo,1,NA,Negative,FALSE,0,0,Negative,0
20,C11,FAM,Unkn-34,37.65,37.29,0,Dermo,C11_CviMVP_PlDNA_5_SG.sharedLotterhosPuritz_1853_a4196b8b,CviMVP_12583,LCP_UP_MD_2022-10-20,21,C11_CviMVP_PlDNA_5_SG.sharedLotterhosPuritz_1853_a4196b8b,20_C11_CviMVP_PlDNA_5_SG.sharedLotterhosPuritz_1853_a4196b8b_Dermo,1,0.71,Positive,FALSE,0,0,Negative,0
20,D03,FAM,Unkn-04,35.15,35.75,0,Dermo,E9_CviMVP_PlDNA_5_SG_1208_b3818e2e,CviMVP_10711,TP_TX_2022-6-28,20,E9_CviMVP_PlDNA_5_SG_1208_b3818e2e,20_E9_CviMVP_PlDNA_5_SG_1208_b3818e2e_Dermo,1,1.2,Positive,FALSE,0,0,Positive,1
20,D05,FAM,Unkn-12,29.49,29.58,0,Dermo,C4_CviMVP_PlDNA_6_SG_1587_9635577d,CviMVP_11802,KP_FGR_FL_2022-8-23,19,C4_CviMVP_PlDNA_6_SG_1587_9635577d,20_C4_CviMVP_PlDNA_6_SG_1587_9635577d_Dermo,1,0.18,Positive,FALSE,0,0,Positive,1
20,D07,FAM,Unkn-20,NA,0,0,Dermo,C12_CviMVP_PlDNA_6_SG.sharedLotterhosPuritz_1752_f1fb4734,CviMVP_12288,DWS_CB_VA_2022-10-7,20,C12_CviMVP_PlDNA_6_SG.sharedLotterhosPuritz_1752_f1fb4734,20_C12_CviMVP_PlDNA_6_SG.sharedLotterhosPuritz_1752_f1fb4734_Dermo,1,NA,Negative,FALSE,0,0,Negative,0
20,D09,FAM,Unkn-28,NA,0,0,Dermo,B1_CviMVP_PlDNA_5_SG_1034_0e0ac7d6,CviMVP_10093,LakeFortuna_LA_2022-5-11,21,B1_CviMVP_PlDNA_5_SG_1034_0e0ac7d6,20_B1_CviMVP_PlDNA_5_SG_1034_0e0ac7d6_Dermo,1,NA,Negative,FALSE,0,0,Negative,0
20,D11,FAM,Unkn-35,NA,0,0,Dermo,E11_CviMVP_PlDNA_5_SG_1084_5795889f,CviMVP_10414,GalBay_TX_2022-6-2,23,E11_CviMVP_PlDNA_5_SG_1084_5795889f,20_E11_CviMVP_PlDNA_5_SG_1084_5795889f_Dermo,1,NA,Negative,FALSE,0,0,Negative,0
20,E03,FAM,Unkn-05,NA,0,0,Dermo,F9_CviMVP_PlDNA_5_SG_1030_ea0d7b30,CviMVP_10076,LakeFortuna_LA_2022-5-11,22,F9_CviMVP_PlDNA_5_SG_1030_ea0d7b30,20_F9_CviMVP_PlDNA_5_SG_1030_ea0d7b30_Dermo,1,NA,Negative,FALSE,0,0,Negative,0
20,E05,FAM,Unkn-13,35.97,35.57,0,Dermo,B6_CviMVP_PlDNA_6_SG_1919_1b8435de,CviMVP_12776,Orrs_Cove_ME_2022-10-31,20,B6_CviMVP_PlDNA_6_SG_1919_1b8435de,20_B6_CviMVP_PlDNA_6_SG_1919_1b8435de_Dermo,1,0.79,Positive,FALSE,0,0,Positive,1
20,E07,FAM,Unkn-21,22.21,22.22,3e-05,Dermo,G12_CviMVP_PlDNA_6_SG_1700_decb34ab,CviMVP_12136,SaLa_GA_2022-10-5,20,G12_CviMVP_PlDNA_6_SG_1700_decb34ab,20_G12_CviMVP_PlDNA_6_SG_1700_decb34ab_Dermo,1,0.01,Positive,FALSE,10460.214,3,Positive,3
20,E09,FAM,Unkn-29,35.72,35.63,0,Dermo,E2_CviMVP_PlDNA_6_SG.sharedLotterhosPuritz_3059_85a6ff3b,CviMVP_30174,HC_DB_NJ_2022-9-23,19,E2_CviMVP_PlDNA_6_SG.sharedLotterhosPuritz_3059_85a6ff3b,20_E2_CviMVP_PlDNA_6_SG.sharedLotterhosPuritz_3059_85a6ff3b_Dermo,1,0.18,Positive,FALSE,0,0,Positive,1
20,F03,FAM,Unkn-06,24.09,24.11,1e-05,Dermo,G9_CviMVP_PlDNA_5_SG_1705_f9a5bc2b,CviMVP_12150,SaLa_GA_2022-10-5,20,G9_CviMVP_PlDNA_5_SG_1705_f9a5bc2b,20_G9_CviMVP_PlDNA_5_SG_1705_f9a5bc2b_Dermo,1,0.04,Positive,FALSE,3486.738,2,Positive,2
20,F05,FAM,Unkn-14,NA,0,0,Dermo,D6_CviMVP_PlDNA_6_SG_1071_6e238e9e,CviMVP_10360,GalBay_TX_2022-6-2,18,D6_CviMVP_PlDNA_6_SG_1071_6e238e9e,20_D6_CviMVP_PlDNA_6_SG_1071_6e238e9e_Dermo,1,NA,Negative,FALSE,0,0,Negative,0
20,F07,FAM,Unkn-22,36.15,35.84,0,Dermo,G8_CviMVP_PlDNA_10_SG_2020_de490c97,CviMVP_15079,IL_ApBay_FL_2023-10-3,20,G8_CviMVP_PlDNA_10_SG_2020_de490c97,20_G8_CviMVP_PlDNA_10_SG_2020_de490c97_Dermo,1,0.61,Positive,FALSE,0,0,Positive,1
20,F09,FAM,Unkn-30,24.34,24.32,1e-05,Dermo,B3_CviMVP_PlDNA_6_SG_1627_913d6d02,CviMVP_11921,SawIs_MA_2022-9-5,20,B3_CviMVP_PlDNA_6_SG_1627_913d6d02,20_B3_CviMVP_PlDNA_6_SG_1627_913d6d02_Dermo,1,0.03,Positive,FALSE,3486.738,2,Positive,2
20,G03,FAM,Unkn-07,32.95,33.09,0,Dermo,H9_CviMVP_PlDNA_5_SG_1631_9c37eb1c,CviMVP_11933,SaltBay_Canada_2022-9-27,20,H9_CviMVP_PlDNA_5_SG_1631_9c37eb1c,20_H9_CviMVP_PlDNA_5_SG_1631_9c37eb1c_Dermo,1,0.27,Positive,FALSE,0,0,Positive,1
20,G05,FAM,Unkn-15,27.37,27.36,0,Dermo,C7_CviMVP_PlDNA_6_SG.sharedLotterhosPuritz_1532_2fee5644,CviMVP_11644,DC_NB_RI_2022-8-19,21,C7_CviMVP_PlDNA_6_SG.sharedLotterhosPuritz_1532_2fee5644,20_C7_CviMVP_PlDNA_6_SG.sharedLotterhosPuritz_1532_2fee5644_Dermo,1,0.01,Positive,FALSE,0,0,Positive,1
20,G07,FAM,Unkn-23,28.54,28.58,0,Dermo,B11_CviMVP_PlDNA_10_SG_2002_0754d098,CviMVP_130251,AC_LIS_CT_2023-10-3,20,B11_CviMVP_PlDNA_10_SG_2002_0754d098,20_B11_CviMVP_PlDNA_10_SG_2002_0754d098_Dermo,1,0.09,Positive,FALSE,0,0,Positive,1
20,H03,FAM,Unkn-08,30.02,30.1,0,Dermo,B12_CviMVP_PlDNA_5_SG_1322_2335500b,CviMVP_11036,Mer_GA_2022-7-26,19,B12_CviMVP_PlDNA_5_SG_1322_2335500b,20_B12_CviMVP_PlDNA_5_SG_1322_2335500b_Dermo,1,0.15,Positive,FALSE,0,0,Positive,1
20,H05,FAM,Unkn-16,30.36,30.46,0,Dermo,E7_CviMVP_PlDNA_6_SG.sharedLotterhosPuritz_3004_6049f6a9,CviMVP_30012,CS_DB_NJ_2022-9-21,22,E7_CviMVP_PlDNA_6_SG.sharedLotterhosPuritz_3004_6049f6a9,20_E7_CviMVP_PlDNA_6_SG.sharedLotterhosPuritz_3004_6049f6a9_Dermo,1,0.2,Positive,FALSE,0,0,Positive,1
20,H07,FAM,Unkn-24,NA,0,0,Dermo,C5_CviMVP_PlDNA_5_SG_1563_7e234e54,CviMVP_11737,CPR_MS_AL_2022-8-24,21,C5_CviMVP_PlDNA_5_SG_1563_7e234e54,20_C5_CviMVP_PlDNA_5_SG_1563_7e234e54_Dermo,1,NA,Negative,FALSE,0,0,Negative,0
20,H09,FAM,Unkn-32,26.18,26.17,0,Dermo,D12_CviMVP_PlDNA_5_SG.sharedLotterhosPuritz_1856_c5dc6416,CviMVP_12592,LCP_UP_MD_2022-10-20,22,D12_CviMVP_PlDNA_5_SG.sharedLotterhosPuritz_1856_c5dc6416,20_D12_CviMVP_PlDNA_5_SG.sharedLotterhosPuritz_1856_c5dc6416_Dermo,1,0.02,Positive,FALSE,0,0,Positive,1
21,A03,FAM,Unkn-01,27.45,27.23,0,Dermo,A8_CviMVP_PlDNA_10_SG.sharedLotterhosPuritz_3019_f0dc9509,CviMVP_30057,CS_DB_NJ_2022-9-21,22,A8_CviMVP_PlDNA_10_SG.sharedLotterhosPuritz_3019_f0dc9509,21_A8_CviMVP_PlDNA_10_SG.sharedLotterhosPuritz_3019_f0dc9509_Dermo,1,0.44,Positive,FALSE,0,0,Positive,1
21,A07,FAM,Unkn-17,39.96,39.09,0,Dermo,A10_CviMVP_PlDNA_10_SG.sharedLotterhosPuritz_1753_559d4ace,CviMVP_12291,DWS_CB_VA_2022-10-7,22,A10_CviMVP_PlDNA_10_SG.sharedLotterhosPuritz_1753_559d4ace,21_A10_CviMVP_PlDNA_10_SG.sharedLotterhosPuritz_1753_559d4ace_Dermo,1,1.73,Positive,FALSE,0,0,Negative,0
21,A09,FAM,Unkn-25,22.18,22.09,4e-05,Dermo,A11_CviMVP_PlDNA_10_SG_2001_3e0f0f64,CviMVP_130221,AC_LIS_CT_2023-10-3,18,A11_CviMVP_PlDNA_10_SG_2001_3e0f0f64,21_A11_CviMVP_PlDNA_10_SG_2001_3e0f0f64_Dermo,1,0.19,Positive,FALSE,15496.61333,3,Positive,3
21,B03,FAM,Unkn-02,22.82,22.71,3e-05,Dermo,B8_CviMVP_PlDNA_10_SG_1561_29fb6cb6,CviMVP_11731,CPR_MS_AL_2022-8-24,20,B8_CviMVP_PlDNA_10_SG_1561_29fb6cb6,21_B8_CviMVP_PlDNA_10_SG_1561_29fb6cb6_Dermo,1,0.21,Positive,FALSE,10460.214,3,Positive,3
21,B07,FAM,Unkn-18,20.96,20.92,9e-05,Dermo,B10_CviMVP_PlDNA_10_SG_1143_ca81df15,CviMVP_10539,FP_Sav_GA_2022-6-10,20,B10_CviMVP_PlDNA_10_SG_1143_ca81df15,21_B10_CviMVP_PlDNA_10_SG_1143_ca81df15_Dermo,1,0.09,Positive,FALSE,31380.642,3,Positive,3
21,B09,FAM,Unkn-26,19.61,19.59,0.00018,Dermo,C11_CviMVP_PlDNA_10_SG_1999_1fd75d06,CviMVP_130161,AC_LIS_CT_2023-10-3,19,C11_CviMVP_PlDNA_10_SG_1999_1fd75d06,21_C11_CviMVP_PlDNA_10_SG_1999_1fd75d06_Dermo,1,0.04,Positive,FALSE,66064.50947,3,Positive,3
21,B11,FAM,Unkn-33,27.75,27.79,0,Dermo,A12_CviMVP_PlDNA_10_SG_1711_103eead9,CviMVP_12166,SaLa_GA_2022-10-5,20,A12_CviMVP_PlDNA_10_SG_1711_103eead9,21_A12_CviMVP_PlDNA_10_SG_1711_103eead9_Dermo,1,0.07,Positive,FALSE,0,0,Positive,1
21,C03,FAM,Unkn-03,36.16,37.14,0,Dermo,C8_CviMVP_PlDNA_10_SG_1828_01304bbf,CviMVP_12513,PrEdIs_CN_A_2022-10-18,19,C8_CviMVP_PlDNA_10_SG_1828_01304bbf,21_C8_CviMVP_PlDNA_10_SG_1828_01304bbf_Dermo,1,1.97,Positive,FALSE,0,0,Negative,0
21,C05,FAM,Unkn-11,21.63,21.61,6e-05,Dermo,F12_CviMVP_PlDNA_10_SG_1129_2a1edb19,CviMVP_10504,FP_Sav_GA_2022-6-10,20,F12_CviMVP_PlDNA_10_SG_1129_2a1edb19,21_F12_CviMVP_PlDNA_10_SG_1129_2a1edb19_Dermo,1,0.05,Positive,FALSE,20920.428,3,Positive,3
21,C07,FAM,Unkn-19,23.35,23.24,2e-05,Dermo,C10_CviMVP_PlDNA_10_SG.sharedLotterhosPuritz_1522_412fe23d,CviMVP_11615,DC_NB_RI_2022-8-19,21,C10_CviMVP_PlDNA_10_SG.sharedLotterhosPuritz_1522_412fe23d,21_C10_CviMVP_PlDNA_10_SG.sharedLotterhosPuritz_1522_412fe23d_Dermo,1,0.23,Positive,FALSE,6641.405714,2,Positive,2
21,C09,FAM,Unkn-27,36.31,36.37,0,Dermo,D11_CviMVP_PlDNA_10_SG_1014_8102b940,CviMVP_10015,LakeFortuna_LA_2022-5-11,20,D11_CviMVP_PlDNA_10_SG_1014_8102b940,21_D11_CviMVP_PlDNA_10_SG_1014_8102b940_Dermo,1,0.11,Positive,FALSE,0,0,Positive,1
21,C11,FAM,Unkn-34,24.04,23.99,2e-05,Dermo,B12_CviMVP_PlDNA_10_SG_2023_c0c00370,CviMVP_15088,IL_ApBay_FL_2023-10-3,22,B12_CviMVP_PlDNA_10_SG_2023_c0c00370,21_B12_CviMVP_PlDNA_10_SG_2023_c0c00370_Dermo,1,0.09,Positive,FALSE,6339.523636,2,Positive,2
21,D03,FAM,Unkn-04,27.07,26.91,0,Dermo,D8_CviMVP_PlDNA_10_SG_1952_3d31a3db,CviMVP_12875,UNCW_MS_NC_2023-7-17,22,D8_CviMVP_PlDNA_10_SG_1952_3d31a3db,21_D8_CviMVP_PlDNA_10_SG_1952_3d31a3db_Dermo,1,0.32,Positive,FALSE,0,0,Positive,1
21,D05,FAM,Unkn-12,31.47,31.47,0,Dermo,G12_CviMVP_PlDNA_10_SG_2049_a5d31ffb,CviMVP_15164,EC_ApBay_FL_2023-10-4,20,G12_CviMVP_PlDNA_10_SG_2049_a5d31ffb,21_G12_CviMVP_PlDNA_10_SG_2049_a5d31ffb_Dermo,1,0.01,Positive,FALSE,0,0,Positive,1
21,D07,FAM,Unkn-20,34.41,34.59,0,Dermo,D10_CviMVP_PlDNA_10_SG_1099_8fcbb868,CviMVP_10442,CB_TX_2022-6-9,19,D10_CviMVP_PlDNA_10_SG_1099_8fcbb868,21_D10_CviMVP_PlDNA_10_SG_1099_8fcbb868_Dermo,1,0.36,Positive,FALSE,0,0,Positive,1
21,D09,FAM,Unkn-28,19.34,19.36,0.00021,Dermo,E11_CviMVP_PlDNA_10_SG_2029_759a8bec,CviMVP_15105,IL_ApBay_FL_2023-10-3,18,E11_CviMVP_PlDNA_10_SG_2029_759a8bec,21_E11_CviMVP_PlDNA_10_SG_2029_759a8bec_Dermo,1,0.05,Positive,FALSE,81357.22,3,Positive,3
21,D11,FAM,Unkn-35,35.79,35.67,0,Dermo,C12_CviMVP_PlDNA_10_SG_1819_4c9efbeb,CviMVP_12488,PrEdIs_CN_A_2022-10-18,21,C12_CviMVP_PlDNA_10_SG_1819_4c9efbeb,21_C12_CviMVP_PlDNA_10_SG_1819_4c9efbeb_Dermo,1,0.24,Positive,FALSE,0,0,Positive,1
21,E07,FAM,Unkn-21,28.64,28.76,0,Dermo,E10_CviMVP_PlDNA_10_SG_1991_176b15fe,CviMVP_12992,AC_LIS_CT_2023-10-3,18,E10_CviMVP_PlDNA_10_SG_1991_176b15fe,21_E10_CviMVP_PlDNA_10_SG_1991_176b15fe_Dermo,1,0.25,Positive,FALSE,0,0,Positive,1
21,E09,FAM,Unkn-29,14.89,14.86,0.0027,Dermo,F11_CviMVP_PlDNA_10_SG_1254_76d18d2d,CviMVP_10841,CC_VA_2022-7-11,22,F11_CviMVP_PlDNA_10_SG_1254_76d18d2d,21_F11_CviMVP_PlDNA_10_SG_1254_76d18d2d_Dermo,1,0.07,Positive,FALSE,855835.6909,3,Positive,0
21,E11,FAM,Unkn-36,29.06,29.13,0,Dermo,D12_CviMVP_PlDNA_10_SG_2008_b9f810d0,CviMVP_15043,AC_LIS_CT_2023-10-3,23,D12_CviMVP_PlDNA_10_SG_2008_b9f810d0,21_D12_CviMVP_PlDNA_10_SG_2008_b9f810d0_Dermo,1,0.14,Positive,FALSE,0,0,Positive,1
21,F03,FAM,Unkn-06,23.12,23.01,3e-05,Dermo,F8_CviMVP_PlDNA_10_SG.sharedLotterhosPuritz_1497_165d898b,CviMVP_11540,NR_NB_RI_2022-8-19,22,F8_CviMVP_PlDNA_10_SG.sharedLotterhosPuritz_1497_165d898b,21_F8_CviMVP_PlDNA_10_SG.sharedLotterhosPuritz_1497_165d898b_Dermo,1,0.21,Positive,FALSE,9509.285455,2,Positive,2
21,F07,FAM,Unkn-22,20.67,20.72,1e-04,Dermo,G10_CviMVP_PlDNA_10_SG_2088_6672fa31,CviMVP_131241,FC_LIS_CT_2023-10-11,21,G10_CviMVP_PlDNA_10_SG_2088_6672fa31,21_G10_CviMVP_PlDNA_10_SG_2088_6672fa31_Dermo,1,0.09,Positive,FALSE,33207.02857,3,Positive,3
21,F09,FAM,Unkn-30,32.1,32.01,0,Dermo,G11_CviMVP_PlDNA_10_SG_1954_5a1ba8fc,CviMVP_12881,UNCW_MS_NC_2023-7-17,23,G11_CviMVP_PlDNA_10_SG_1954_5a1ba8fc,21_G11_CviMVP_PlDNA_10_SG_1954_5a1ba8fc_Dermo,1,0.18,Positive,FALSE,0,0,Positive,1
21,F11,FAM,Unkn-37,36.9,36.97,0,Dermo,E12_CviMVP_PlDNA_10_SG_1654_ff1aabfe,CviMVP_12001,SaltBay_Canada_2022-9-27,20,E12_CviMVP_PlDNA_10_SG_1654_ff1aabfe,21_E12_CviMVP_PlDNA_10_SG_1654_ff1aabfe_Dermo,1,0.14,Positive,FALSE,0,0,Positive,1
21,G03,FAM,Unkn-07,27.13,27.02,0,Dermo,H8_CviMVP_PlDNA_10_SG_2037_0941fca6,CviMVP_15128,EC_ApBay_FL_2023-10-4,19,H8_CviMVP_PlDNA_10_SG_2037_0941fca6,21_H8_CviMVP_PlDNA_10_SG_2037_0941fca6_Dermo,1,0.21,Positive,FALSE,0,0,Positive,1
21,G07,FAM,Unkn-23,22.95,22.92,3e-05,Dermo,H10_CviMVP_PlDNA_10_SG_1802_bf1fa7f4,CviMVP_12437,NPS_PS_NC_2022-10-12,20,H10_CviMVP_PlDNA_10_SG_1802_bf1fa7f4,21_H10_CviMVP_PlDNA_10_SG_1802_bf1fa7f4_Dermo,1,0.06,Positive,FALSE,10460.214,3,Positive,3
21,G09,FAM,Unkn-31,27.57,27.58,0,Dermo,H11_CviMVP_PlDNA_10_SG_1937_4b32fd1f,CviMVP_12830,UNCW_MS_NC_2023-7-17,18,H11_CviMVP_PlDNA_10_SG_1937_4b32fd1f,21_H11_CviMVP_PlDNA_10_SG_1937_4b32fd1f_Dermo,1,0.03,Positive,FALSE,0,0,Positive,1
21,H01,FAM,Unkn-38,37.93,37.41,0,Dermo,A4_CviMVP_PlDNA_10_SG_1556_e491b857,CviMVP_11716,CPR_MS_AL_2022-8-24,22,A4_CviMVP_PlDNA_10_SG_1556_e491b857,21_A4_CviMVP_PlDNA_10_SG_1556_e491b857_Dermo,1,1.04,Positive,FALSE,0,0,Negative,0
21,H03,FAM,Unkn-08,37.61,37.26,0,Dermo,B4_CviMVP_PlDNA_10_SG.sharedLotterhosPuritz_3054_b35976e5,CviMVP_30159,HC_DB_NJ_2022-9-23,21,B4_CviMVP_PlDNA_10_SG.sharedLotterhosPuritz_3054_b35976e5,21_B4_CviMVP_PlDNA_10_SG.sharedLotterhosPuritz_3054_b35976e5_Dermo,1,0.7,Positive,FALSE,0,0,Negative,0
21,H05,FAM,Unkn-16,36.2,37.17,0,Dermo,B6_CviMVP_PlDNA_10_SG_1834_e5dca67e,CviMVP_12528,PrEdIs_CN_A_2022-10-18,22,B6_CviMVP_PlDNA_10_SG_1834_e5dca67e,21_B6_CviMVP_PlDNA_10_SG_1834_e5dca67e_Dermo,1,1.94,Positive,FALSE,0,0,Negative,0
21,H07,FAM,Unkn-24,NA,0,0,Dermo,G6_CviMVP_PlDNA_10_SG_1042_f25060f5,CviMVP_10279,OL_MI_SC_2022-5-31,20,G6_CviMVP_PlDNA_10_SG_1042_f25060f5,21_G6_CviMVP_PlDNA_10_SG_1042_f25060f5_Dermo,1,NA,Negative,FALSE,0,0,Negative,0
9,A05,FAM,Unkn-09,28.07,28.01,0,Dermo,A5_CviMVP_PlDNA_2_SG_1050_f357cf40,CviMVP_10300,OL_MI_SC_2022-5-31,20,A5_CviMVP_PlDNA_2_SG_1050_f357cf40,9_A5_CviMVP_PlDNA_2_SG_1050_f357cf40_Dermo,1,0.12,Positive,FALSE,0,0,Positive,1
5,A09,FAM,Unkn-25,19.03,18.61,0.00051,Dermo,A9_CviMVP_PlDNA_8_SG_1412_25359cc5,CviMVP_11293,GriceCove_SC_2022-8-10,20,A9_CviMVP_PlDNA_8_SG_1412_25359cc5,5_A9_CviMVP_PlDNA_8_SG_1412_25359cc5_Dermo,1,0.83,Positive,FALSE,177823.638,3,Positive,3
13,H03,FAM,Unkn-08,20.4,20.18,0.00013,Dermo,H5_CviMVP_PlDNA_4_SG_1294_d8ad56d2,CviMVP_10952,Sapelo_Is_GA_2022-7-17,21,H5_CviMVP_PlDNA_4_SG_1294_d8ad56d2,13_H5_CviMVP_PlDNA_4_SG_1294_d8ad56d2_Dermo,1,0.43,Positive,FALSE,43169.13714,3,Positive,3
16,B11,FAM,Unkn-33,38.64,39.23,0,Dermo,B3_CviMVP_PlDNA_4_SG.sharedLotterhosPuritz_3013_33dda8a5,CviMVP_30039,CS_DB_NJ_2022-9-21,21,B3_CviMVP_PlDNA_4_SG.sharedLotterhosPuritz_3013_33dda8a5,16_B3_CviMVP_PlDNA_4_SG.sharedLotterhosPuritz_3013_33dda8a5_Dermo,1,1.17,Positive,FALSE,0,0,Negative,0
16,E11,FAM,Unkn-36,35.62,35.95,0,Dermo,E5_CviMVP_PlDNA_4_SG_1910_a67d4341,CviMVP_12750,Orrs_Cove_ME_2022-10-31,18,E5_CviMVP_PlDNA_4_SG_1910_a67d4341,16_E5_CviMVP_PlDNA_4_SG_1910_a67d4341_Dermo,1,0.65,Positive,FALSE,0,0,Positive,1
3,G07,FAM,Unkn-23,26.95,27.05,1e-05,Dermo,G11_CviMVP_PlDNA_5_SG_1803_645f7974,CviMVP_12440,NPS_PS_NC_2022-10-12,20,G11_CviMVP_PlDNA_5_SG_1803_645f7974,3_G11_CviMVP_PlDNA_5_SG_1803_645f7974_Dermo,1,0.2,Positive,FALSE,3486.738,2,Positive,1
2,A07,FAM,Unkn-25,33.96,34,0,Dermo,A5_CviMVP_PlDNA_10_SG_2053_a99d49c4,CviMVP_15176,EC_ApBay_FL_2023-10-4,18,A5_CviMVP_PlDNA_10_SG_2053_a99d49c4,2_A5_CviMVP_PlDNA_10_SG_2053_a99d49c4_Dermo,1,0.08,Positive,FALSE,0,0,Positive,1
2,D07,FAM,Unkn-28,35.26,35.65,0,Dermo,D5_CviMVP_PlDNA_10_SG_2025_5bd16ce4,CviMVP_15094,IL_ApBay_FL_2023-10-3,22,D5_CviMVP_PlDNA_10_SG_2025_5bd16ce4,2_D5_CviMVP_PlDNA_10_SG_2025_5bd16ce4_Dermo,1,0.78,Positive,FALSE,0,0,Positive,1
2,H07,FAM,Unkn-32,23.94,24.07,0,Dermo,H5_CviMVP_PlDNA_10_SG_2078_b8a33fcd,CviMVP_130941,FC_LIS_CT_2023-10-11,23,H5_CviMVP_PlDNA_10_SG_2078_b8a33fcd,2_H5_CviMVP_PlDNA_10_SG_2078_b8a33fcd_Dermo,1,0.27,Positive,FALSE,0,0,Positive,2
2,F09,FAM,Unkn-38,28.54,28.6,0,Dermo,F6_CviMVP_PlDNA_10_SG_2047_b1ff69b8,CviMVP_15158,EC_ApBay_FL_2023-10-4,22,F6_CviMVP_PlDNA_10_SG_2047_b1ff69b8,2_F6_CviMVP_PlDNA_10_SG_2047_b1ff69b8_Dermo,1,0.12,Positive,FALSE,0,0,Positive,1